100 30 100
51 8 80 45 28 2 36 19 49 74 41 24 65 3 87 7 88 10 77 91 55 92 59 69 98 84 73 83 31 40 35 23 94 62 71 46 86 12 82 5 81 33 29 9 89 22 38 44 70 14 11 60
48 15 13 48 12 23 28 42 18 27 21 43 57 96 34 2 58 73 52 70 31 76 24 82 64 39 100 75 49 56 79 14 97 92 6 33 22 3 47 8 1 32 78 4 90 45 59 44 29
42 36 16 87 72 81 27 28 32 48 53 59 58 54 56 74 61 88 90 7 100 84 73 65 39 17 80 98 89 95 42 93 30 99 10 33 6 91 49 45 64 19 79
34 67 51 37 81 25 88 10 32 2 96 35 84 72 94 86 11 83 31 9 71 50 58 20 52 89 28 49 55 12 63 47 48 90 60
52 70 59 90 39 4 33 74 88 94 12 99 2 23 89 67 65 55 3 72 80 49 25 17 56 54 73 87 62 37 24 28 31 27 52 66 97 11 8 44 48 10 68 47 41 38 16 85 6 9 42 84 69
51 87 24 19 33 7 48 78 15 30 10 41 57 61 55 42 9 62 66 46 13 82 47 81 11 85 21 38 27 97 72 12 37 14 52 54 39 73 99 1 79 51 69 18 68 65 53 40 20 83 34 96
45 33 3 23 62 50 61 54 56 96 55 59 14 37 72 99 80 57 51 70 17 30 20 83 48 47 85 58 4 28 36 12 66 79 26 1 40 91 78 44 10 90 74 21 8 49
59 79 91 65 75 24 5 70 42 7 94 20 35 46 33 49 97 66 4 60 50 59 98 13 88 67 51 57 72 32 58 71 90 40 82 16 8 25 77 62 92 55 36 39 48 87 10 86 54 9 47 41 2 99 74 43 18 69 89 17
54 25 12 98 44 87 76 41 39 40 95 91 19 9 94 85 84 4 56 34 21 97 68 80 52 72 5 47 2 42 54 45 82 96 74 30 13 8 35 67 10 32 83 46 66 38 43 92 73 89 29 7 71 18 81
57 15 57 90 7 9 44 38 86 24 23 78 69 13 68 43 6 33 12 39 99 82 47 55 27 84 19 94 14 45 2 42 59 20 72 46 96 71 51 25 67 22 95 29 100 66 89 56 11 1 10 61 83 52 3 41 53 60
45 55 17 87 39 79 94 16 3 74 90 69 24 19 5 13 52 100 30 22 89 68 49 95 88 71 61 91 26 44 50 67 51 73 56 4 59 38 46 76 58 1 57 54 6 29
33 20 47 67 36 80 2 24 74 91 23 89 18 83 52 79 9 72 85 92 26 45 55 16 37 97 86 40 33 1 15 38 90 21
37 84 71 3 86 42 24 59 99 73 46 44 52 56 18 14 33 54 26 15 76 98 51 92 22 48 89 65 88 75 82 6 61 60 39 94 79 8
52 77 36 6 12 69 67 14 48 45 82 68 25 17 42 87 70 94 16 31 29 62 72 59 88 90 76 2 10 15 85 57 71 65 99 84 78 79 66 51 44 13 27 37 100 21 81 9 97 8 64 4 23
48 51 23 35 61 26 44 81 13 4 62 84 30 32 57 69 11 79 64 83 99 19 16 37 41 5 36 76 98 90 12 88 52 67 21 8 42 75 9 55 53 58 27 86 87 59 54 63 46
57 14 41 91 15 90 93 12 85 96 50 52 42 33 34 75 63 86 69 92 87 11 56 49 2 48 58 67 80 74 20 64 71 46 70 38 53 28 10 39 6 77 59 79 8 54 31 68 5 18 43 16 55 44 81 66 73 98
44 9 26 20 67 14 27 65 45 53 58 98 22 62 31 16 37 44 72 24 51 66 68 21 19 77 57 46 43 40 7 96 88 2 71 34 32 79 83 10 48 59 5 64 29
63 51 63 5 35 50 9 59 60 43 7 85 26 42 79 95 4 61 31 69 48 73 66 12 64 81 68 34 47 54 91 86 70 8 18 96 77 93 11 45 17 92 90 38 27 75 62 100 40 22 94 55 67 74 36 57 2 65 21 24 29 89 41 33
45 36 5 31 53 58 7 83 32 100 22 1 77 50 95 96 62 34 15 24 44 10 26 69 20 99 51 6 63 12 11 49 40 71 90 17 13 59 27 8 93 70 2 86 43 52
40 59 64 34 56 31 75 18 48 97 27 12 98 14 69 60 61 78 41 95 4 92 62 53 25 81 49 96 38 35 100 42 70 66 58 30 71 5 46 82 50
50 31 5 94 87 41 57 48 28 22 42 55 4 59 79 46 69 32 73 13 97 39 93 72 34 67 80 81 86 60 53 70 100 49 77 11 27 2 25 37 44 98 40 21 78 18 26 90 36 84 56
48 7 9 90 4 13 33 89 86 81 53 39 60 76 94 37 20 18 52 58 72 82 100 63 92 93 46 45 62 11 6 95 97 49 16 50 32 26 30 96 35 51 57 59 64 55 40 27 77
49 24 99 72 85 89 58 60 88 5 6 96 97 87 66 32 62 8 23 86 34 20 47 30 15 57 51 41 43 45 81 54 79 59 29 46 92 11 56 83 67 95 76 9 14 68 35 55 33 12
49 44 33 81 6 85 67 91 19 48 89 57 51 38 43 87 55 90 75 21 40 14 73 26 13 32 61 93 56 78 96 74 95 54 4 10 9 3 66 34 99 68 2 84 18 17 8 37 59 62
44 38 53 10 3 16 21 4 45 11 48 13 18 52 36 22 50 72 39 23 34 80 68 56 85 99 81 1 70 74 71 63 25 95 58 46 82 87 91 65 5 67 97 24 77
47 14 90 60 70 29 13 49 10 85 19 32 99 78 53 72 68 5 71 61 23 46 33 63 50 58 73 4 52 41 89 44 75 42 66 45 7 86 91 34 16 81 25 1 80 100 36 93
51 84 23 90 22 95 75 94 10 42 96 12 55 7 9 40 3 66 11 85 51 78 43 73 80 8 16 30 87 38 4 76 32 21 74 52 68 56 19 24 20 65 39 70 25 69 64 6 18 49 47 99
57 44 23 17 63 61 28 74 68 14 69 1 11 87 36 99 62 27 81 21 55 98 20 9 47 26 15 67 32 65 10 12 43 56 24 8 6 82 46 57 13 97 22 90 95 4 16 100 93 51 96 19 84 59 91 76 49 41
47 56 62 86 28 20 2 5 14 10 13 88 21 52 36 9 75 79 31 96 33 61 1 29 71 39 59 100 6 81 87 34 64 50 42 38 74 12 63 45 54 4 53 95 46 30 23 89
47 24 29 86 83 61 17 10 62 32 91 20 2 36 13 44 84 42 21 60 57 31 100 45 35 54 48 63 73 98 26 37 28 66 85 82 74 53 8 70 23 65 89 59 68 50 27 30
47 77 22 70 93 68 7 99 61 11 71 85 97 86 30 60 33 89 48 20 80 51 40 25 31 45 37 82 58 15 53 46 32 9 72 66 84 34 1 69 96 49 36 90 5 28 13 75
53 50 42 99 52 82 94 97 61 32 46 44 80 74 49 5 55 71 84 76 51 39 8 12 19 34 2 13 70 21 47 75 88 9 65 73 7 11 64 53 45 68 36 35 31 89 1 95 57 41 40 27 30 62
52 74 18 96 39 100 81 4 15 41 3 68 34 20 92 1 43 47 79 25 5 19 86 8 27 67 10 84 50 64 77 54 72 58 36 87 97 94 44 45 80 6 73 90 32 60 93 89 55 46 65 42 62
52 7 62 9 90 89 83 53 33 32 14 29 70 1 67 100 45 56 63 58 41 94 36 47 12 55 60 10 61 72 3 80 28 30 57 11 74 44 52 91 79 39 51 26 18 64 22 46 87 48 97 31 15
52 69 1 97 13 46 80 20 40 10 87 75 91 26 15 39 33 25 24 18 71 54 37 23 78 79 28 59 73 95 62 4 74 61 7 93 27 81 36 41 43 11 42 45 22 99 19 38 51 77 63 52 34
51 49 29 36 100 74 56 96 40 94 61 23 22 32 86 64 75 93 15 14 12 37 25 76 21 95 90 72 28 10 71 41 79 60 9 44 70 5 17 57 4 16 19 98 99 65 26 48 18 13 39 87
41 56 4 49 94 73 28 80 47 18 75 84 82 36 85 93 32 20 45 71 27 68 92 100 44 50 90 14 17 33 40 61 6 10 86 63 72 31 64 76 29 88
44 46 42 95 62 8 59 51 33 96 17 88 6 34 65 90 85 98 9 41 82 43 4 38 1 15 31 30 78 79 26 55 63 75 27 13 24 49 91 11 87 32 20 84 29
62 98 18 25 17 2 24 50 39 51 29 44 22 63 83 93 36 84 37 46 11 66 56 30 40 21 94 85 79 74 42 49 23 80 19 73 69 87 1 57 68 38 33 91 60 26 97 82 12 5 99 35 55 64 72 81 15 16 70 96 52 34 53
52 91 3 24 8 64 9 38 41 59 78 50 12 35 14 97 65 36 44 87 63 61 57 39 81 77 69 52 51 89 85 88 43 93 45 26 92 19 62 18 31 46 53 20 100 33 48 37 23 83 75 99 90
56 12 80 43 71 23 34 88 30 54 24 65 83 25 92 29 52 17 73 58 53 87 40 70 69 75 95 13 44 32 33 8 94 89 42 76 78 35 4 98 27 96 45 22 59 20 26 67 49 64 1 47 57 60 18 28 55
61 16 68 81 66 48 56 98 41 58 40 25 38 34 55 10 51 92 26 52 12 87 3 86 35 14 99 33 31 80 42 19 2 84 39 78 13 29 83 63 64 79 75 30 69 95 57 23 6 73 18 17 44 61 32 46 82 8 93 60 88 9
48 10 26 12 31 69 16 95 41 51 50 44 23 94 18 90 91 66 86 80 24 81 9 74 35 75 63 29 64 8 97 65 61 1 22 30 84 92 39 27 21 55 82 87 14 43 57 5 62
43 98 30 15 97 44 28 36 89 39 69 68 56 93 78 94 86 25 55 33 37 18 11 9 40 91 74 27 72 82 50 84 87 95 47 38 29 66 1 45 70 7 88 14
44 80 31 28 9 87 42 89 88 34 16 30 46 76 73 43 98 77 59 26 20 79 21 22 70 81 60 66 2 39 54 1 8 94 75 99 45 25 71 93 38 36 10 29 48
56 17 46 5 34 48 37 6 80 69 28 13 18 88 29 57 47 52 24 85 14 61 58 65 81 91 96 84 41 55 73 42 15 32 26 38 99 1 95 54 8 93 31 36 70 66 21 2 71 22 94 87 59 79 9 39 78
58 85 100 13 20 94 74 15 32 56 36 44 66 97 65 12 81 42 88 37 80 34 90 24 60 21 75 45 26 64 14 48 31 29 87 22 47 96 57 83 68 8 54 95 70 67 71 4 11 51 25 72 40 84 63 18 43 35 98
52 51 27 36 10 91 56 94 24 78 63 48 60 65 97 89 25 81 80 34 79 4 5 29 59 55 21 13 58 95 82 98 22 20 42 45 33 18 57 7 46 30 23 54 6 15 61 83 50 77 28 49 9
44 96 74 8 29 37 71 69 47 52 48 82 34 18 25 99 65 77 68 92 33 90 81 78 12 70 35 21 24 4 44 13 27 26 53 42 76 9 19 60 10 91 40 67 73
60 1 43 83 26 94 87 18 19 95 93 49 59 67 66 50 74 2 39 82 60 53 4 9 68 34 78 56 37 33 13 20 100 27 47 81 96 76 21 42 12 69 98 72 10 99 32 52 44 77 46 63 41 24 35 80 8 40 25 88 89
59 4 16 52 57 35 30 19 17 66 45 78 39 28 58 6 67 56 76 64 7 46 42 24 62 25 27 83 68 65 47 100 54 80 23 77 69 87 38 75 71 81 50 60 31 95 88 3 40 63 18 1 89 11 2 34 49 20 70 86
48 50 76 43 69 15 49 62 16 33 59 81 14 87 29 28 56 27 3 47 93 95 74 79 11 4 5 8 17 82 63 65 42 35 22 32 85 34 67 72 71 7 41 51 20 99 45 100 64
56 54 3 72 92 67 9 91 15 58 49 31 39 38 4 28 90 48 27 51 23 46 11 36 79 77 30 2 33 7 60 66 74 65 56 12 32 37 1 17 8 14 78 64 10 73 94 87 25 13 52 26 18 57 68 98 82
54 69 41 85 23 42 63 18 31 10 33 50 80 47 54 75 1 83 90 57 24 98 27 9 74 30 44 60 73 13 95 5 67 76 3 29 14 21 34 65 6 58 11 92 84 87 12 53 46 51 96 97 26 52 94
50 68 29 96 98 90 72 7 59 15 3 8 18 1 66 60 100 14 56 63 32 17 93 12 87 78 75 25 49 86 30 97 39 2 41 48 21 34 55 43 62 67 85 64 16 9 36 31 57 28 77
46 22 81 78 26 6 43 50 82 4 2 13 1 8 63 95 27 68 74 55 10 36 90 54 20 58 80 7 19 51 41 28 44 57 98 96 66 79 75 100 12 30 21 72 71 65 5
52 52 82 14 27 23 97 68 66 46 58 29 35 41 6 49 83 57 4 45 86 9 10 33 2 90 89 61 37 15 79 74 71 40 24 42 18 87 55 3 36 1 26 91 5 19 64 81 31 56 99 11 69
44 99 55 67 79 78 41 93 49 21 39 25 40 19 61 5 60 24 23 7 57 37 33 96 85 31 90 44 46 71 18 51 27 53 97 47 22 14 11 28 82 77 65 86 63
48 78 68 85 25 77 41 11 96 94 62 58 69 40 79 70 59 49 28 19 24 60 64 97 99 1 66 63 51 98 88 9 57 72 76 4 27 91 45 39 82 81 92 42 12 74 35 93 71
48 98 95 76 81 21 27 48 82 60 80 8 58 28 100 47 20 37 41 94 31 6 19 68 44 11 97 96 56 12 89 86 29 51 26 65 63 72 3 30 90 14 32 54 10 64 67 40 84
43 75 7 73 4 80 40 69 43 23 46 85 13 42 48 94 10 35 38 82 59 97 3 64 99 71 87 29 33 14 17 58 27 12 96 79 54 1 8 61 19 86 2 21
54 5 38 2 28 53 94 51 31 11 57 45 10 95 62 96 9 72 81 82 70 85 83 61 54 50 90 8 56 63 25 6 75 39 15 42 68 24 91 76 92 64 55 34 97 18 48 65 36 67 80 41 87 27 7
53 52 1 51 57 17 35 56 32 38 25 72 54 3 31 20 47 59 15 13 92 73 18 10 80 97 2 42 14 88 48 87 65 16 93 11 43 94 96 74 98 12 91 24 37 21 4 95 5 79 41 58 66 86
43 10 34 57 89 12 100 71 99 18 63 67 97 6 51 41 25 32 98 59 1 7 64 79 53 65 21 69 66 88 35 74 54 94 39 61 52 42 48 24 31 4 55 78
47 54 88 43 62 31 100 29 28 45 65 52 6 83 72 84 56 66 25 3 96 11 68 78 38 18 94 61 22 67 5 26 59 86 95 4 75 71 97 23 91 8 93 92 53 19 35 7
61 79 68 78 54 15 66 16 91 87 61 51 10 97 49 88 72 11 94 36 26 19 70 9 32 14 62 86 47 89 18 13 43 58 71 21 74 53 34 38 45 92 77 55 35 60 23 2 29 99 56 75 39 57 76 6 96 42 44 81 80 98
42 1 3 88 70 79 93 22 83 45 12 49 34 90 42 52 21 53 32 63 7 46 5 20 57 23 38 60 36 37 47 85 62 24 44 17 73 61 86 68 27 8 84
44 33 36 97 19 28 43 30 60 25 45 78 83 39 21 31 81 71 26 75 65 86 98 46 10 59 13 57 11 54 52 61 67 5 6 40 93 17 82 72 73 79 35 9 18
46 20 85 96 59 2 78 89 10 13 5 77 27 43 48 21 69 93 45 52 34 80 8 24 51 92 50 35 91 99 88 60 29 4 46 31 18 70 3 6 74 62 71 97 28 25 65
54 87 67 95 1 61 36 5 58 64 43 25 55 100 28 94 89 52 59 49 17 11 50 39 7 96 53 21 22 27 47 37 41 19 24 13 44 31 23 26 56 86 71 18 40 81 42 32 80 10 99 76 98 9 62
45 76 40 11 62 74 64 90 60 39 98 27 79 69 18 45 55 92 20 26 81 49 44 37 22 100 86 94 24 47 75 72 46 33 9 66 30 42 56 51 93 71 70 80 23 84
59 73 56 25 29 31 54 42 77 94 95 87 52 88 51 100 93 80 35 45 59 15 38 19 53 6 63 91 39 2 62 81 85 33 23 96 9 44 17 98 71 72 83 5 3 4 70 55 22 76 18 69 68 37 61 36 78 8 79 82
57 53 100 65 12 74 34 20 11 83 61 16 67 98 13 2 45 99 52 32 70 6 28 62 77 66 63 56 94 35 73 49 92 51 18 96 87 36 90 91 71 55 44 78 4 50 43 80 23 97 75 82 26 25 47 72 79 46
60 74 45 50 22 5 27 34 23 71 54 28 4 56 49 89 67 38 39 35 78 21 20 92 13 47 33 58 76 55 42 59 9 41 68 3 1 63 16 95 2 24 40 19 69 6 81 73 77 11 26 44 61 48 53 98 31 37 75 64 88
45 99 78 88 5 57 11 52 9 1 77 50 8 100 87 82 27 53 60 2 29 13 26 55 47 19 41 28 31 63 70 33 65 15 10 64 42 14 39 12 95 71 46 7 62 18
57 51 67 17 14 55 32 43 1 38 57 47 12 83 10 95 59 28 64 79 99 85 27 60 2 92 7 96 48 94 41 18 54 29 26 69 87 31 93 90 9 74 46 13 100 66 75 36 3 81 33 65 30 42 76 49 98 19
54 2 12 43 31 64 59 14 74 58 6 84 54 26 51 95 42 63 1 19 82 77 75 89 8 38 81 3 15 88 13 57 46 29 71 93 10 28 90 23 80 22 50 76 5 73 9 24 100 47 60 72 16 40 83
46 28 15 74 36 23 63 22 42 40 70 83 20 7 82 26 52 44 62 19 60 14 94 79 92 64 43 18 71 30 31 37 1 3 49 77 56 9 58 6 89 13 75 34 90 96 16
49 63 37 11 50 74 30 76 39 79 73 99 8 58 89 69 98 12 41 28 40 92 3 90 29 32 84 25 17 72 38 47 26 81 10 75 27 57 18 62 51 60 64 16 67 65 15 36 14 20
42 10 62 4 25 50 36 59 71 37 64 69 56 12 89 42 38 35 53 18 82 1 29 84 48 80 31 98 65 72 83 17 92 60 75 70 77 47 55 34 76 54 96
58 50 35 96 10 93 6 14 54 70 78 65 12 82 42 52 89 64 98 24 29 97 75 22 94 66 62 3 86 47 28 84 40 45 2 88 21 18 7 95 57 90 76 68 51 73 67 43 44 77 48 15 34 31 13 25 81 87 9
55 86 30 29 35 42 64 54 78 21 100 50 58 6 94 67 59 15 43 60 5 87 63 7 47 13 56 22 3 69 51 52 27 68 79 20 66 39 81 19 90 70 72 75 40 28 1 92 91 8 73 93 85 24 16 41
55 33 70 46 14 8 73 85 62 44 11 2 90 82 17 30 16 95 79 74 26 71 50 75 89 86 58 91 99 20 93 100 39 31 35 1 80 88 87 52 5 60 69 49 55 67 36 15 25 10 63 84 83 19 9 7
32 81 1 35 41 4 65 52 21 8 99 17 5 72 88 92 43 6 100 38 3 34 36 58 71 26 87 32 57 74 9 56 39
50 49 30 19 87 76 34 48 64 2 3 27 32 28 14 16 77 22 42 71 66 31 15 8 53 62 33 51 65 9 89 78 18 50 85 45 70 38 29 75 13 68 59 82 37 83 46 92 58 23 90
47 18 54 77 1 99 85 79 84 59 83 57 5 88 38 76 23 70 65 36 71 68 19 44 100 28 34 67 24 61 9 51 55 94 81 80 49 53 45 32 33 73 46 31 69 27 21 92
46 28 24 50 46 58 62 2 77 66 34 61 12 71 44 15 17 96 95 53 30 42 8 69 85 65 83 52 13 89 86 93 94 59 82 14 81 31 51 54 67 91 56 90 21 10 49
47 100 16 74 22 48 18 2 26 30 50 82 90 7 64 28 96 57 20 73 65 44 66 52 41 70 24 67 77 86 60 12 79 80 92 58 89 4 42 81 99 62 88 94 76 61 11 15
52 82 94 23 51 44 16 56 10 27 14 35 80 71 87 66 13 59 4 12 92 90 62 63 73 58 83 52 76 32 40 86 41 15 79 100 36 24 43 5 11 55 74 60 91 47 88 6 29 75 98 72 77
55 67 70 91 55 18 94 36 63 10 85 42 60 62 40 24 99 52 3 72 8 58 56 15 95 37 30 35 13 29 47 39 88 96 64 27 23 5 83 68 38 75 80 87 14 90 2 92 49 9 69 82 34 32 61 71
52 42 72 24 66 57 55 52 60 87 64 38 12 43 51 14 71 70 56 19 35 26 67 2 15 80 18 50 94 98 21 61 95 69 86 25 36 10 8 29 33 85 81 88 40 82 5 68 32 45 1 99 16
61 24 1 62 25 11 82 31 41 55 68 33 42 9 5 66 3 71 15 59 26 50 52 100 99 85 98 46 89 81 21 67 97 37 61 13 79 72 8 23 28 51 65 88 16 34 32 70 53 14 30 43 57 6 56 91 36 49 7 86 77 48
52 80 23 31 5 71 45 77 70 37 97 59 27 43 13 51 79 60 86 64 10 2 6 55 15 18 4 67 21 65 33 24 7 34 47 26 91 89 84 16 8 39 42 61 87 81 12 75 49 62 96 3 76
49 84 65 27 67 100 14 98 5 46 28 57 79 54 22 76 41 15 20 31 70 36 96 43 91 29 83 7 47 6 18 75 95 3 56 72 16 77 63 21 8 33 87 58 12 82 52 74 17 64
52 51 85 39 6 11 19 97 86 100 40 53 27 88 18 43 75 1 63 2 79 71 56 22 60 4 10 15 72 99 93 92 14 87 12 9 30 25 23 34 3 50 47 16 52 80 82 98 81 54 29 20 49
56 58 66 22 80 55 41 3 82 17 70 49 98 19 13 62 44 28 85 45 24 16 6 29 99 68 86 83 77 4 87 64 27 78 48 40 2 39 52 74 75 91 33 53 51 47 54 35 26 30 38 69 56 65 90 46 63
41 22 35 25 13 51 44 65 19 59 27 90 20 6 28 43 30 88 71 91 68 52 34 77 37 93 85 18 83 76 11 24 31 63 66 79 38 80 82 73 15 58
58 13 77 79 29 61 65 37 80 7 4 95 26 40 28 87 34 60 2 30 5 45 70 14 62 49 18 32 46 56 6 96 19 91 55 20 15 94 53 88 93 51 24 33 64 86 41 90 100 85 50 71 43 58 25 76 82 59 22
47 20 13 35 94 74 41 82 5 59 98 54 25 55 77 23 93 66 86 96 57 34 75 4 2 40 67 1 95 27 17 68 64 12 52 24 53 49 85 100 7 9 3 78 99 71 92 19
55 39 6 37 96 65 86 80 26 42 54 99 8 43 60 49 1 29 4 85 22 62 2 73 17 88 15 7 25 11 66 9 21 81 35 38 91 97 50 40 51 33 53 14 30 76 48 23 84 36 89 59 94 52 61 45
