100 74 100
24 40 64 23 44 58 28 50 75 55 66 2 78 1 31 74 21 77 35 13 91 84 85 46 39
15 32 98 46 3 41 55 29 90 57 28 35 51 84 91 2
16 34 99 81 32 51 79 43 56 41 3 29 54 98 11 4 65
29 88 61 19 99 68 36 83 47 97 79 38 5 37 22 43 65 56 17 12 34 14 54 53 18 30 26 15 72 4
34 17 70 33 92 12 100 49 5 71 14 62 30 37 89 61 42 36 53 19 22 72 47 60 68 6 15 76 48 26 97 88 20 27 38
23 71 45 87 49 69 25 48 9 62 89 100 92 60 7 93 42 16 95 27 76 70 33 20
20 59 95 87 86 80 69 96 93 67 82 52 45 24 8 25 94 73 7 16 9
11 67 59 82 96 94 8 86 73 80 24 52
21 95 25 67 7 96 8 69 87 80 94 82 86 16 9 93 45 73 59 52 24 63
25 35 31 58 75 66 84 21 2 57 91 55 64 10 46 78 44 39 50 77 85 23 40 74 1 28
15 81 43 65 41 34 98 11 32 3 79 4 54 83 90 51
33 17 62 53 100 89 71 5 61 30 18 27 92 12 70 19 42 49 15 33 37 38 47 6 97 26 20 22 88 14 48 72 68 36
25 39 66 10 84 75 77 21 57 31 64 50 85 78 23 46 1 91 44 13 74 35 2 40 55 28
35 33 17 61 22 100 70 89 27 30 36 92 62 19 88 12 60 71 20 15 49 48 14 42 68 5 72 76 18 97 53 6 38 47 26 37
34 37 49 62 20 33 88 18 27 68 76 17 19 6 48 15 60 53 26 14 89 30 61 92 97 36 71 38 12 5 42 72 47 100 22
21 86 52 87 16 73 9 7 82 59 63 93 45 24 69 95 25 96 80 8 67 94
34 72 6 38 42 17 53 62 36 71 100 76 19 68 14 70 60 88 37 89 15 5 26 48 61 18 30 47 97 92 49 12 27 33 22
33 88 72 76 14 18 38 22 97 15 27 68 60 26 5 12 30 20 100 19 92 71 48 47 36 17 6 37 61 42 33 53 62 49
35 33 12 48 92 89 68 6 17 72 22 19 5 70 20 30 61 49 14 36 47 100 97 18 60 53 15 37 38 88 76 42 26 71 27 62
22 16 9 27 33 95 100 49 93 62 70 69 87 89 48 60 7 6 71 92 20 25 76
24 85 1 40 58 35 10 21 57 23 64 84 28 78 39 46 55 44 31 2 91 75 74 13 66
35 62 37 22 17 38 76 15 36 26 89 19 6 49 12 14 53 42 72 68 70 30 100 71 97 47 5 61 60 18 88 92 20 48 27 33
26 66 58 78 84 75 91 1 64 39 77 23 2 10 28 85 44 50 35 74 40 57 21 13 55 46 31
12 80 24 59 73 94 63 86 52 96 82 8 67
21 95 67 9 16 24 87 82 8 73 96 25 80 59 93 7 69 63 86 52 94 45
33 100 36 26 92 60 6 88 62 61 33 89 17 30 48 72 38 97 20 14 53 42 19 37 70 27 68 47 71 49 76 5 15 22
23 33 27 69 62 92 76 45 95 60 70 48 89 6 9 25 87 93 16 20 100 7 42 49
16 11 85 41 32 57 51 35 90 98 84 55 29 28 2 3 91
17 79 54 3 32 4 65 81 11 34 41 51 98 90 83 99 43 56
34 17 68 88 89 6 33 36 72 92 14 49 48 47 19 42 53 30 20 38 22 97 12 26 27 61 60 15 5 62 71 70 37 18 100
25 10 35 85 23 78 66 40 55 21 31 44 84 57 1 28 91 13 75 77 2 58 64 46 50 74
17 3 41 90 43 56 54 81 29 51 79 34 83 65 11 32 4 98
24 16 69 92 71 25 9 89 7 93 6 62 48 60 70 20 87 27 45 49 95 42 100 33 76
28 4 19 97 54 88 47 22 30 37 14 15 18 26 5 38 81 53 56 68 43 12 17 79 36 99 34 83 61
16 29 85 28 46 91 90 2 3 35 51 11 98 55 84 57 32
34 48 17 72 76 71 49 22 42 97 33 60 19 88 47 92 5 20 62 89 38 15 61 14 37 68 27 70 30 100 12 6 26 18 53
34 12 89 68 47 6 18 71 42 76 30 33 17 38 70 48 61 60 97 88 19 62 22 26 72 14 53 5 36 37 20 49 15 100 92
33 71 27 14 22 72 38 61 19 48 42 18 100 12 76 60 30 62 92 37 6 53 70 97 5 26 17 15 89 20 33 49 88 36
25 64 74 66 46 35 2 57 1 78 39 58 84 10 55 23 75 40 85 91 13 21 44 28 50 77
26 23 66 58 28 85 46 10 57 64 40 84 2 13 50 78 44 74 91 75 21 39 55 1 35 77 31
18 4 98 34 43 11 29 83 99 56 81 54 41 65 51 32 90 79 3
22 76 49 69 48 89 95 7 62 87 71 60 25 93 16 9 45 6 33 20 100 92 42
26 38 88 22 65 34 72 37 5 47 14 4 30 61 12 56 43 79 17 54 36 68 99 97 53 83 26
23 64 31 78 35 10 74 2 1 91 77 46 66 39 55 21 85 40 23 28 57 58 75 44
21 67 69 24 8 86 94 59 25 63 87 52 82 45 96 7 93 9 95 73 16 80
17 32 90 98 3 28 51 91 2 85 11 29 84 41 57 46 35 55
34 89 70 20 15 49 14 97 100 5 71 62 53 92 60 37 88 42 17 48 36 61 12 76 19 33 38 47 68 22 30 18 27 6 26
23 69 87 33 6 60 95 92 100 45 71 89 62 93 20 7 25 9 16 49 76 70 27 48
21 92 93 42 87 100 9 16 70 89 49 95 25 6 71 76 60 45 69 33 62 48
26 44 23 55 84 78 21 64 10 85 57 77 28 50 31 74 13 40 39 91 1 58 66 35 2 75 46
18 34 83 54 41 65 3 56 81 29 51 99 79 43 98 32 4 11 90
11 80 96 73 67 94 52 63 82 86 8 59
32 60 14 47 68 70 88 30 22 61 27 53 72 12 5 33 100 19 36 62 26 49 42 17 20 48 76 89 97 92 15 37 71
27 68 4 61 53 30 72 43 14 36 12 99 19 22 34 88 56 65 79 5 54 83 38 47 37 18 26 17
16 29 46 51 41 35 3 90 91 98 2 84 28 11 57 85 55
29 30 26 43 56 54 79 34 4 61 72 99 22 47 17 97 88 38 65 19 83 53 15 18 14 12 5 36 68 37
17 11 35 28 84 90 57 85 55 29 98 91 32 2 3 46 51 41
26 84 66 64 55 91 13 46 40 23 77 57 58 44 35 50 21 85 39 74 31 1 75 2 10 78 28
12 94 8 80 59 86 63 96 73 52 24 82 67
23 100 7 93 71 95 70 9 20 69 87 33 48 16 76 27 45 6 49 60 42 89 92 62
35 76 88 70 68 97 89 18 30 49 100 17 72 62 47 61 22 27 6 37 53 71 19 26 60 5 20 15 12 42 48 36 92 14 33 38
24 70 87 100 48 62 25 89 9 60 95 6 92 27 16 20 76 42 33 49 7 45 71 93 69
12 63 80 8 52 59 67 94 86 82 96 24 73
26 58 85 28 10 91 23 50 75 2 35 78 31 21 55 44 1 39 66 74 13 84 77 64 46 40 57
28 36 17 53 83 88 47 65 18 34 12 99 14 5 22 26 72 19 61 37 30 79 15 54 81 97 38 43 68
24 64 66 85 21 57 23 46 39 78 74 13 10 35 91 58 75 31 2 28 77 1 44 84 55
10 8 82 52 63 94 96 73 59 86 80
34 18 76 48 62 72 27 49 14 20 26 88 6 30 92 33 17 5 15 36 60 22 37 89 42 12 100 70 53 71 68 19 47 61 38
20 52 67 93 73 87 24 94 59 86 25 80 96 69 9 45 7 82 8 16 95
23 76 100 25 60 16 49 87 6 42 89 95 62 27 45 33 7 70 9 93 48 20 92 71
24 49 48 70 95 92 42 27 69 7 93 76 33 20 87 62 16 89 60 9 45 6 100 71 25
32 5 70 88 71 33 48 15 49 61 12 30 37 47 14 42 53 68 92 76 100 17 19 20 62 22 26 38 27 89 60 97 72
11 59 67 80 94 82 52 86 24 96 63 8
23 46 2 50 44 64 58 84 10 40 1 21 91 77 75 74 57 85 39 23 13 55 28 66
26 74 64 91 28 78 40 35 21 75 31 85 46 55 13 39 10 66 2 77 1 58 44 84 57 50 23
24 6 70 60 89 27 76 92 49 87 48 62 69 16 7 93 100 95 20 9 45 42 71 33 25
26 78 57 64 40 84 39 1 31 28 23 2 35 91 66 75 44 55 77 74 21 50 13 85 58 46 10
25 64 77 78 50 57 74 66 46 2 39 55 75 35 10 91 58 28 31 21 1 23 84 13 40 44
27 38 30 34 79 56 68 19 14 83 65 88 4 53 18 72 97 47 36 81 17 61 99 54 43 22 26 5
11 24 82 94 80 8 63 73 86 59 52 67
30 30 54 18 38 88 99 68 22 43 4 81 17 97 26 72 12 14 56 15 5 61 65 19 53 34 83 37 36 47 79
11 96 24 59 67 8 80 86 52 73 63 94
30 30 26 72 34 17 88 43 65 36 15 83 37 5 54 97 14 81 61 68 56 4 47 18 38 12 19 99 79 22 53
16 11 28 46 98 57 91 2 84 41 32 51 55 29 85 35 3
17 84 29 91 3 41 2 90 57 51 28 98 11 35 46 32 85 55
11 96 94 52 80 73 8 82 67 63 59 86
21 25 59 73 69 7 82 95 45 52 63 87 96 94 67 16 86 8 9 24 80 93
32 33 17 61 14 20 89 60 22 48 42 27 100 70 68 97 5 36 62 15 30 71 18 76 92 88 37 72 19 38 47 26 12
24 7 42 70 20 62 27 60 89 92 48 87 25 16 71 95 9 33 45 93 6 76 100 69 49
17 43 83 4 41 56 51 99 11 90 3 65 32 29 98 81 79 54
16 85 2 11 91 29 41 35 46 51 90 98 84 28 57 32 3
24 9 89 20 42 49 69 27 93 87 25 95 100 48 16 7 62 76 60 71 6 70 92 33 45
20 7 9 63 45 82 24 95 93 80 94 8 52 59 16 25 96 67 87 69 73
11 24 80 59 73 96 82 52 8 86 63 94
18 86 87 25 9 96 8 69 93 73 24 95 67 82 80 7 52 63 94
12 59 96 73 94 8 82 86 67 80 63 52 24
33 97 42 30 37 17 48 38 20 22 89 53 70 68 76 72 12 88 100 15 36 18 33 6 5 27 92 47 61 19 49 71 14 62
18 81 3 54 83 11 56 98 41 51 65 79 34 29 90 32 4 43 99
28 14 36 15 12 17 88 54 18 81 19 4 97 68 61 43 30 83 65 34 37 72 56 79 22 53 26 5 38
23 48 9 60 89 7 42 70 92 27 95 45 71 6 62 93 69 20 76 16 87 33 25 49
