100 77 100
15 61 46 33 1 2 49 77 76 89 25 84 44 100 36 29
15 25 76 2 96 46 27 3 36 91 74 62 87 44 61 73
15 66 62 3 91 73 34 30 87 22 27 74 67 4 80 96
15 66 34 5 42 55 85 90 57 80 22 67 93 92 4 30
12 92 85 90 57 55 6 54 93 75 42 64 5
12 75 16 60 7 19 64 78 6 54 81 20 63
14 8 81 39 60 71 7 78 19 63 23 16 98 51 20
10 69 70 51 98 23 35 21 39 8 71
11 48 21 70 47 35 26 9 41 83 10 69
11 10 28 47 83 88 17 26 31 48 41 11
12 24 94 88 38 17 32 12 97 50 11 28 31
14 32 12 68 13 53 97 72 24 94 45 59 99 38 50
13 65 53 72 56 82 14 52 59 13 99 68 37 45
14 82 58 40 52 56 86 79 65 43 15 95 14 18 37
8 18 95 43 58 15 79 86 40
14 20 16 39 81 78 51 19 7 98 71 60 8 63 23
11 11 94 28 31 32 97 50 12 17 88 38
8 79 86 18 58 95 40 43 15
14 8 60 7 20 23 71 98 16 51 81 39 78 63 19
14 8 23 39 20 16 78 19 63 51 98 7 71 60 81
11 47 70 41 69 35 83 21 48 9 26 10
15 42 93 67 4 30 80 90 85 5 57 66 55 22 92 34
11 9 98 23 51 8 21 69 70 71 35 39
14 68 94 97 32 53 24 72 99 59 45 50 12 38 13
15 61 73 25 76 87 46 2 74 62 27 96 91 3 44 36
11 88 47 41 10 83 31 26 17 11 48 28
15 96 67 87 27 34 66 73 30 91 74 3 4 22 80 62
12 32 88 50 28 97 17 12 24 94 31 11 38
15 29 36 76 77 61 89 44 100 46 49 84 2 1 25 33
15 30 42 4 85 80 90 5 55 66 57 93 92 34 67 22
12 32 28 12 94 88 50 11 17 97 24 31 38
14 53 32 99 12 94 68 59 38 72 97 24 50 45 13
15 1 77 100 25 33 46 44 49 84 2 76 36 89 61 29
15 66 90 22 42 80 4 92 93 34 30 5 67 55 57 85
11 48 26 41 21 47 10 69 35 9 70 83
15 46 3 87 44 36 76 74 62 96 61 91 25 2 27 73
14 58 43 37 65 56 18 15 82 14 95 52 79 86 40
14 97 99 12 53 68 13 50 72 94 24 45 32 59 38
11 51 9 98 23 70 21 8 35 69 39 71
8 43 40 86 95 79 18 15 58
11 17 47 41 28 88 26 10 11 31 83 48
12 54 75 64 6 55 92 90 85 57 93 42 5
8 15 86 18 40 43 58 95 79
15 87 91 2 61 3 27 25 96 73 74 62 36 46 76 44
13 99 65 59 53 72 45 68 56 82 52 37 14 13
15 46 62 73 91 3 44 27 76 61 74 96 2 25 87 36
11 47 83 28 41 88 31 48 26 17 10 11
11 48 83 28 88 47 11 26 41 10 17 31
15 76 100 49 77 61 29 36 25 46 89 33 2 44 84 1
14 45 72 38 59 24 50 13 94 68 99 32 12 53 97
11 35 70 8 69 39 9 23 98 51 21 71
14 43 86 82 15 56 52 14 37 40 95 79 65 58 18
13 82 59 13 45 52 14 65 68 37 72 56 53 99
12 60 20 19 64 75 78 6 16 81 54 7 63
12 55 92 57 64 42 54 75 90 5 85 6 93
14 14 79 52 82 18 58 40 56 37 86 65 95 43 15
12 55 5 93 54 90 64 6 75 42 57 92 85
8 18 15 40 79 43 58 86 95
13 99 13 65 37 53 14 56 45 59 52 82 68 72
14 39 19 60 20 78 71 8 63 7 98 81 51 16 23
15 46 2 61 87 76 36 27 25 96 62 73 91 3 74 44
15 80 87 22 96 62 67 66 91 3 34 74 4 27 30 73
14 23 19 60 20 81 39 71 98 63 51 8 78 16 7
12 7 64 60 75 81 19 63 6 78 54 16 20
14 43 52 79 58 40 82 37 65 18 95 86 56 14 15
15 92 55 57 93 30 80 42 5 85 34 22 90 4 67 66
15 22 67 80 34 93 42 4 57 90 85 92 55 66 30 5
13 14 45 56 82 99 59 13 65 68 53 37 72 52
11 83 35 10 26 41 48 21 47 69 9 70
11 26 21 83 47 69 9 35 48 41 10 70
11 70 39 69 21 35 23 51 71 98 8 9
13 13 72 56 65 45 99 59 52 37 53 68 82 14
15 4 30 22 27 66 34 96 62 91 3 67 80 73 74 87
15 73 91 74 3 66 27 4 30 62 87 22 34 67 80 96
12 54 16 78 63 81 75 64 20 19 7 6 60
15 46 61 27 44 73 96 62 91 76 3 87 2 25 36 74
15 100 89 1 84 44 33 49 77 29 46 76 61 36 2 25
14 39 7 20 71 23 16 60 63 19 8 51 98 78 81
8 58 43 40 95 86 15 79 18
14 67 92 90 30 4 85 5 34 66 57 42 22 55 93
14 23 98 51 78 20 19 8 16 71 39 60 81 63 7
14 52 14 37 65 79 56 18 95 86 82 15 40 58 43
11 28 41 11 47 83 26 31 48 10 17 88
15 29 100 1 36 33 84 76 2 44 89 61 49 77 25 46
12 64 42 92 57 85 93 55 90 75 6 5 54
8 15 95 43 58 40 18 86 79
15 22 27 91 34 87 30 4 73 67 3 62 80 74 96 66
12 28 32 24 97 50 17 12 11 31 38 88 94
15 100 25 1 84 76 61 89 33 77 29 44 2 46 49 36
12 64 6 92 5 57 75 42 85 93 54 55 90
15 87 3 34 27 66 96 4 62 91 74 80 73 22 30 67
11 92 57 64 42 55 6 54 85 5 75 93
12 92 55 57 6 75 90 5 85 93 54 42 64
14 24 38 97 12 13 50 45 94 59 68 32 53 99 72
8 95 79 43 40 15 58 86 18
15 34 4 96 30 66 73 62 87 27 22 91 74 3 67 80
14 97 72 13 94 45 24 50 53 12 68 59 32 99 38
11 69 21 8 35 9 23 98 70 39 71 51
13 72 82 37 52 56 45 53 59 14 65 68 13 99
15 77 36 33 29 76 61 25 2 89 49 44 46 100 84 1
