100 59 100
47 20 24 7 42 32 44 21 35 36 33 46 3 28 14 43 25 8 11 38 29 13 19 12 34 16 5 1 45 39 22 9 30 4 2 17 47 10 23 18 41 26 27 37 6 15 31 40
47 23 33 45 31 35 9 2 42 36 5 32 38 46 15 7 10 41 43 11 17 16 27 20 26 8 3 12 40 18 13 37 28 30 1 6 24 25 39 14 29 4 47 19 34 22 44 21
47 43 10 5 21 27 11 36 7 6 2 1 32 14 22 37 41 4 15 20 23 24 26 9 16 46 35 44 25 34 29 39 3 38 13 8 19 31 28 47 42 33 40 12 45 30 17 18
47 27 32 38 14 40 4 16 36 33 29 39 8 6 15 30 47 44 17 5 23 34 3 21 24 19 13 35 37 31 42 1 20 25 26 9 18 2 28 12 43 11 45 46 7 41 10 22
47 35 13 40 43 22 41 7 3 47 25 45 20 21 33 38 11 44 31 15 18 12 42 9 23 14 36 8 2 1 26 37 5 28 10 19 16 27 39 29 32 4 17 6 46 24 34 30
47 33 3 34 27 43 37 31 1 12 10 11 14 16 30 6 20 35 5 18 45 7 9 46 39 47 2 29 36 25 24 42 13 23 4 17 41 32 19 22 28 38 15 21 26 44 40 8
47 39 29 46 40 27 21 33 5 45 28 8 31 16 25 9 23 12 22 2 35 1 30 47 4 34 13 24 19 26 17 10 32 11 3 43 14 18 7 41 36 15 20 37 6 38 42 44
47 8 39 28 30 34 2 38 19 46 45 20 12 36 33 37 24 25 40 13 27 17 47 23 11 18 42 1 10 3 15 31 29 26 44 9 4 14 35 16 21 6 41 7 32 43 22 5
47 47 26 15 3 9 32 29 1 27 4 23 24 33 14 31 35 17 7 45 13 10 46 2 16 21 25 22 20 44 12 42 6 11 5 38 8 19 40 41 36 18 28 37 34 30 39 43
47 44 3 12 25 7 5 23 34 20 41 22 19 32 24 10 27 1 35 11 28 9 16 8 37 15 46 40 29 42 38 26 4 17 14 30 36 13 2 45 33 31 18 39 6 21 47 43
47 27 28 34 12 11 20 32 3 17 31 7 44 10 5 16 1 2 8 22 19 30 9 33 36 6 39 14 38 46 37 13 4 45 25 41 42 40 26 21 43 18 15 29 35 23 47 24
47 18 22 40 33 32 29 6 5 4 13 30 15 34 7 39 21 1 45 43 11 35 23 27 3 20 47 9 37 31 12 42 38 26 36 2 41 24 19 17 14 46 16 28 25 8 10 44
47 40 15 9 4 47 46 25 33 12 5 37 35 8 11 26 42 3 20 23 22 39 34 10 27 44 1 19 29 18 30 2 31 43 16 36 13 38 28 6 41 32 14 7 17 21 24 45
47 9 7 47 4 44 5 8 24 29 26 30 17 42 18 43 20 45 37 27 38 33 46 21 10 11 31 23 25 34 6 32 35 41 1 40 2 28 39 19 16 36 12 3 14 15 13 22
47 46 25 9 21 6 4 12 5 44 13 16 40 39 2 18 31 36 29 34 42 43 33 24 45 37 22 41 38 10 3 28 19 32 26 20 14 17 7 8 30 11 1 27 47 15 35 23
47 29 9 17 4 19 30 8 3 24 26 45 7 36 11 41 10 37 16 42 13 25 32 39 1 15 28 20 46 33 22 35 18 2 44 47 5 40 43 12 31 6 23 34 14 21 27 38
47 5 17 20 13 28 42 11 24 9 23 21 39 19 6 15 25 30 8 4 44 40 45 36 22 46 41 33 2 18 29 7 12 38 26 37 43 16 32 27 3 1 31 10 34 35 47 14
47 44 29 10 47 41 8 38 34 37 12 30 6 5 19 13 46 43 28 35 36 18 31 3 23 15 42 45 26 24 27 7 1 22 2 9 25 11 20 14 21 4 40 32 17 16 33 39
47 40 5 1 14 28 13 7 35 26 46 11 23 4 25 16 2 19 8 21 20 17 12 43 30 37 3 42 41 18 33 15 24 47 39 38 9 10 31 44 6 45 34 29 36 22 32 27
47 2 29 1 39 24 33 19 20 37 4 36 47 14 21 12 9 7 31 40 22 15 17 30 45 27 46 38 8 16 43 13 32 26 25 41 5 44 18 35 10 6 11 42 34 3 28 23
47 14 21 25 24 22 13 19 35 44 27 46 15 9 39 36 2 41 42 32 33 20 34 28 1 45 30 26 38 5 47 6 11 23 4 10 37 18 16 7 43 8 3 40 12 17 31 29
47 34 43 36 26 17 8 19 5 41 16 29 30 27 13 24 28 1 22 2 45 11 14 37 25 39 40 32 44 18 23 10 31 15 46 33 21 6 47 7 9 12 38 35 20 4 42 3
47 2 9 13 23 47 12 5 35 29 15 30 43 44 28 26 6 22 10 18 1 42 39 7 40 33 37 45 24 20 17 46 16 25 4 31 14 11 36 8 32 3 41 34 19 21 27 38
47 15 25 30 16 18 3 17 12 46 36 42 1 20 23 22 45 33 34 7 29 10 26 28 14 24 47 40 35 8 19 43 39 6 9 2 11 37 32 27 4 21 38 44 41 31 5 13
47 32 1 26 42 13 21 11 35 43 18 5 12 25 37 39 27 2 41 38 8 20 44 34 36 24 16 22 3 31 30 14 7 28 4 17 47 40 33 23 10 29 15 19 45 9 6 46
47 4 5 33 23 39 35 8 42 41 10 28 19 40 20 47 12 22 46 17 2 31 6 38 9 36 15 1 11 32 30 45 43 14 7 25 21 44 16 37 27 29 3 13 26 34 18 24
47 42 30 34 2 38 26 47 44 39 15 9 28 32 11 1 6 18 45 29 41 16 20 24 19 12 25 10 5 7 43 21 23 13 3 14 22 36 27 17 40 8 37 46 31 33 35 4
47 24 42 2 46 9 8 33 4 37 5 34 39 21 20 1 47 16 29 30 22 36 11 25 28 6 7 27 18 40 44 43 17 31 3 41 26 38 15 19 35 10 45 12 23 14 13 32
47 42 40 16 37 18 35 14 31 34 27 8 10 41 33 28 12 26 17 32 43 9 13 44 21 11 15 45 38 25 1 39 29 47 23 24 46 2 6 4 20 30 5 3 22 7 19 36
47 12 6 40 26 17 4 23 29 2 24 7 45 34 39 20 11 38 36 27 16 43 14 46 42 35 41 1 13 3 32 22 5 19 30 10 18 9 33 37 44 8 28 21 47 25 15 31
47 43 36 16 22 30 24 4 39 41 40 10 5 6 11 21 7 25 27 28 45 46 38 17 15 8 35 3 19 47 34 20 14 29 2 23 26 44 31 37 42 13 18 12 9 33 1 32
47 42 37 13 34 35 38 8 9 24 4 12 19 11 40 10 47 30 2 5 32 36 26 22 46 44 25 27 33 20 17 21 14 1 43 6 15 3 28 23 16 31 18 41 7 45 29 39
47 23 10 22 29 40 44 25 11 42 21 15 36 14 3 37 28 9 17 12 38 39 32 45 26 19 47 7 35 30 5 46 6 1 31 13 27 20 41 33 8 16 24 34 4 18 43 2
47 37 47 5 10 45 23 35 32 4 17 29 15 6 33 27 44 24 39 20 11 36 40 2 31 13 25 38 7 14 21 12 30 34 16 42 19 26 46 1 28 8 22 43 41 3 18 9
47 8 15 25 14 5 32 43 11 10 3 17 13 29 47 40 7 45 27 24 39 30 23 37 44 31 42 4 16 1 35 41 46 20 28 38 6 33 18 21 19 34 26 9 36 12 2 22
47 36 16 46 41 23 1 20 27 14 15 32 3 5 45 21 9 42 28 47 17 43 39 35 11 6 25 30 2 33 10 40 18 7 13 4 8 44 26 37 34 29 31 38 24 12 19 22
47 42 30 19 38 28 25 1 24 5 27 31 29 17 46 13 47 9 37 18 34 26 20 43 44 8 15 16 3 36 35 22 4 33 6 40 39 32 7 23 14 12 11 45 10 2 21 41
47 32 12 37 27 36 46 24 39 25 3 29 11 35 19 21 8 38 45 20 15 17 34 4 44 41 30 7 14 1 13 31 16 40 43 22 9 42 23 18 47 5 33 10 26 28 6 2
47 42 26 9 33 3 34 1 5 31 35 2 38 13 40 37 24 28 45 8 46 30 32 10 22 21 41 14 20 4 16 23 17 29 7 15 18 39 36 44 6 11 12 27 43 47 25 19
47 39 40 43 41 37 1 2 46 31 38 11 9 35 30 27 36 23 33 10 8 32 22 3 16 25 26 12 15 19 45 28 24 34 7 14 4 5 13 21 6 44 20 17 18 29 47 42
47 24 3 31 4 14 36 26 6 17 38 35 45 39 25 47 11 22 33 37 43 2 15 7 10 12 42 18 34 41 13 20 1 9 28 23 16 46 5 32 19 8 44 30 40 29 27 21
47 27 11 34 23 8 28 26 3 31 45 7 41 14 10 39 43 44 30 16 32 2 12 46 25 35 37 47 15 19 4 29 24 40 42 17 18 22 9 36 20 13 33 38 5 1 21 6
47 2 28 44 12 36 27 16 20 1 9 22 29 42 5 13 17 41 40 33 30 7 11 39 4 21 34 24 38 19 37 14 18 32 25 10 23 31 43 8 3 47 46 45 35 6 15 26
47 13 6 19 8 30 42 24 21 46 27 1 38 29 39 17 5 31 4 32 33 45 26 44 9 36 2 22 7 40 47 25 18 43 37 28 15 35 3 23 10 34 12 41 14 20 11 16
47 8 6 44 2 32 43 36 30 1 18 34 42 14 12 17 38 20 3 31 4 22 21 46 47 29 23 16 19 24 9 13 15 35 5 28 11 33 39 7 26 40 45 41 25 37 10 27
47 5 22 4 23 21 18 41 6 1 25 44 10 14 39 2 33 40 31 8 20 35 15 24 46 43 28 34 7 19 16 3 37 32 42 27 13 36 12 45 26 30 11 29 47 9 17 38
47 41 47 3 44 21 27 36 14 8 22 35 34 19 26 46 39 38 4 5 42 33 7 17 24 45 31 37 28 18 32 40 11 1 2 30 6 10 43 16 20 9 15 12 25 13 29 23
53 48 65 91 100 80 50 54 53 92 79 73 59 78 62 77 94 84 57 75 60 74 82 97 61 56 86 67 96 72 88 81 90 63 87 83 98 76 58 99 49 95 71 55 51 64 66 85 52 70 93 69 68 89
51 57 100 71 95 48 93 77 91 61 60 49 78 80 88 85 65 94 79 58 83 75 74 81 56 82 92 98 76 62 55 64 90 59 51 54 66 63 50 99 89 84 86 69 97 72 52 96 67 53 68 87
53 91 99 87 51 92 68 78 90 89 82 64 67 76 69 58 79 96 66 72 83 71 97 95 80 57 70 88 59 60 94 65 100 86 62 74 98 84 54 75 50 48 63 61 49 93 85 73 56 53 77 52 55 81
53 61 93 50 69 75 58 84 72 63 68 91 52 98 87 92 86 89 51 70 74 67 96 95 88 80 94 65 82 77 62 64 90 54 53 78 56 71 81 100 83 76 55 99 73 49 66 57 59 85 97 79 60 48
53 90 67 98 83 87 72 58 59 73 66 96 55 63 75 53 69 95 61 100 62 54 65 49 93 80 76 86 60 64 82 79 48 89 97 78 94 74 50 56 88 71 57 68 81 92 91 51 52 77 70 99 85 84
53 97 68 65 71 86 58 63 50 74 53 91 61 57 51 75 80 69 67 83 76 99 49 85 77 56 60 82 95 88 100 89 64 93 55 66 90 81 72 98 73 62 48 92 84 54 79 59 94 78 96 52 87 70
53 50 55 67 87 88 89 95 72 51 84 60 82 69 85 61 74 59 53 63 56 93 99 65 68 62 79 49 77 70 80 73 81 98 96 48 86 52 97 91 66 78 71 57 94 75 83 64 76 58 90 54 92 100
53 66 65 71 48 85 97 94 80 55 52 91 93 82 49 54 73 57 51 60 53 83 100 74 76 84 50 78 96 86 69 68 63 72 92 81 64 75 70 99 98 88 79 67 61 58 59 56 95 89 87 77 90 62
53 59 62 68 83 67 95 65 100 50 87 64 73 63 52 60 93 97 86 79 55 99 81 78 49 90 72 85 82 88 92 94 53 76 98 96 66 51 56 75 58 71 54 74 70 80 91 77 89 48 84 57 61 69
53 65 55 79 50 68 69 73 71 84 86 82 94 77 75 81 93 90 92 88 49 95 63 67 83 58 53 99 70 56 54 62 85 78 97 74 57 98 51 61 60 91 80 64 66 100 96 89 59 72 76 52 48 87
53 100 86 78 57 65 79 74 52 85 92 89 67 56 83 90 54 49 55 51 50 81 97 63 80 99 94 87 98 62 73 64 96 53 68 70 82 72 88 58 95 75 77 91 66 93 71 59 48 60 69 61 76 84
53 98 71 58 95 56 93 63 55 86 89 92 81 57 88 68 69 50 76 79 100 73 51 77 70 49 54 53 87 67 66 72 96 65 64 91 60 80 97 78 99 62 84 82 94 61 52 48 83 85 75 90 59 74
53 66 81 51 100 82 72 50 89 57 99 96 67 85 98 49 48 61 64 52 94 70 75 88 69 86 87 91 97 84 53 77 63 74 71 62 95 73 55 93 78 54 65 68 80 92 83 90 58 76 79 60 59 56
53 64 91 78 68 49 94 60 65 69 72 66 56 86 84 89 96 53 90 80 63 76 85 61 92 70 95 97 98 55 81 77 51 48 58 73 88 75 71 100 93 74 54 87 59 67 57 52 82 62 99 50 79 83
53 66 97 57 51 72 64 81 50 83 63 88 94 74 48 70 65 73 90 91 80 59 99 84 54 69 92 78 87 100 62 61 76 98 49 89 79 55 96 95 77 67 68 86 82 85 93 58 53 71 52 60 56 75
53 51 88 71 60 63 59 77 57 79 91 72 82 68 94 93 53 54 84 49 98 92 81 70 76 90 99 75 85 97 87 58 74 61 64 86 95 80 62 73 69 55 52 67 100 56 78 65 50 89 83 66 48 96
53 83 91 62 49 81 55 87 79 95 58 96 78 64 98 63 80 68 100 93 54 50 70 52 71 73 97 51 77 86 59 92 69 88 53 61 48 60 57 84 85 56 65 66 94 74 99 72 90 76 67 75 82 89
53 90 91 96 55 64 86 99 95 80 51 50 60 82 48 68 66 72 83 85 97 53 79 93 49 74 94 69 75 84 88 89 73 63 87 92 52 70 54 62 56 98 77 67 81 71 57 58 61 59 65 76 100 78
53 70 95 55 73 79 56 81 59 94 80 86 71 74 65 98 83 77 50 57 48 68 100 76 92 97 61 75 87 69 88 54 62 82 90 67 85 60 72 93 58 53 52 64 66 96 51 99 84 63 49 89 78 91
53 79 55 77 85 90 91 76 49 87 52 95 99 97 53 56 60 51 88 71 72 98 82 58 80 73 68 62 50 67 66 94 86 54 93 78 65 63 74 92 84 57 89 100 69 64 81 75 83 59 48 61 96 70
53 78 88 75 60 80 62 59 92 63 67 95 57 100 52 56 58 55 65 68 48 54 90 97 96 71 76 74 93 66 64 83 49 50 94 53 73 86 89 85 61 98 79 82 72 81 84 70 87 51 99 69 77 91
53 74 88 68 72 90 92 96 77 95 93 83 52 56 48 70 50 59 84 97 80 61 86 69 67 98 82 51 81 100 53 91 55 89 64 60 73 87 85 78 57 79 54 75 62 49 65 94 58 76 71 66 99 63
53 60 82 58 94 74 89 84 57 64 90 95 62 100 69 59 63 68 80 65 56 54 98 48 91 79 51 96 53 72 70 83 88 97 55 75 66 67 93 50 49 61 99 81 71 86 87 85 92 78 52 77 73 76
53 67 77 91 93 57 96 63 100 58 71 69 80 98 73 72 81 83 64 70 84 48 74 56 59 97 92 75 86 85 87 55 53 65 60 99 50 52 89 49 62 88 90 68 66 78 76 61 54 79 95 51 94 82
53 91 65 95 76 87 60 53 77 79 62 72 49 99 75 63 67 83 100 56 86 82 50 55 96 61 52 71 51 70 81 85 48 73 89 94 74 58 90 68 64 69 98 59 57 54 97 84 78 88 92 66 93 80
53 85 92 51 71 100 69 56 72 79 77 90 58 60 63 93 54 84 88 83 48 61 96 57 91 95 97 68 53 74 67 80 55 94 52 99 76 66 64 86 49 89 98 81 65 62 82 59 87 78 73 50 75 70
53 76 87 58 57 91 86 75 72 60 80 54 53 74 73 51 63 65 67 64 66 48 85 94 93 81 68 52 59 61 70 95 89 83 77 92 97 49 50 84 96 62 90 79 99 71 56 100 69 82 98 88 55 78
53 58 88 80 95 77 92 90 61 75 48 66 87 63 49 73 89 71 67 99 52 82 100 96 57 51 62 81 69 83 50 91 79 93 86 64 55 78 53 94 84 76 60 85 65 98 56 70 72 97 74 54 59 68
53 56 67 63 85 90 92 57 89 61 72 83 58 79 75 87 82 55 81 71 74 64 48 80 54 53 94 88 91 60 100 93 78 49 99 76 95 97 66 77 52 73 86 51 68 96 69 59 98 65 84 70 50 62
51 56 77 99 80 63 89 64 74 66 78 91 58 93 75 55 71 76 65 95 50 92 79 83 53 62 67 98 68 70 82 69 52 54 49 84 97 51 100 48 96 85 87 90 61 60 57 72 81 59 88 94
53 52 94 95 82 67 59 99 97 56 79 64 66 87 49 48 63 57 62 68 92 75 81 93 83 69 72 88 55 89 100 61 51 91 77 71 53 74 50 58 96 78 73 70 85 54 98 86 60 76 80 84 65 90
53 76 56 66 88 85 67 93 95 68 52 65 96 92 84 79 58 64 51 70 62 77 72 74 97 50 87 75 53 78 89 71 60 63 91 100 81 61 73 82 86 90 98 54 99 59 69 48 55 80 57 83 94 49
46 96 72 52 69 62 70 77 67 48 61 84 76 63 65 78 79 58 90 98 85 64 94 53 57 88 83 97 75 87 54 100 93 80 71 55 82 73 56 66 81 92 60 99 91 89 86
53 49 92 83 86 60 61 48 99 84 57 87 67 82 100 74 90 98 81 89 65 59 94 96 85 70 63 56 66 62 88 73 68 51 58 69 72 79 95 53 75 54 76 77 78 64 52 71 91 50 97 55 93 80
53 53 68 56 64 52 83 67 98 79 77 86 87 81 63 55 92 62 50 66 48 80 58 54 70 51 78 99 97 71 93 72 100 91 90 82 49 89 69 94 75 76 96 74 88 95 73 60 59 84 61 85 57 65
53 55 77 81 50 74 82 59 68 85 92 70 75 53 52 60 100 51 66 99 63 97 61 49 95 79 80 64 65 76 96 54 57 73 71 83 67 98 69 91 56 58 93 62 48 87 94 84 90 78 88 86 72 89
53 75 92 66 85 62 100 64 55 77 90 93 94 80 88 79 48 74 59 84 65 70 76 87 91 51 72 96 95 61 63 71 67 97 56 50 53 69 73 86 82 81 49 52 60 99 78 54 58 98 57 68 89 83
53 68 88 70 98 63 82 48 58 92 62 59 55 89 53 65 95 64 78 91 49 83 74 54 56 80 99 94 60 97 84 86 90 93 50 69 96 76 61 87 77 81 52 72 75 79 100 73 67 85 57 51 66 71
46 66 95 67 94 51 65 60 88 61 89 81 50 87 77 100 69 52 58 82 79 71 97 76 49 84 98 90 80 62 63 75 92 93 91 72 48 64 55 70 96 85 74 56 68 83 53
53 91 93 96 58 78 90 98 88 92 61 54 87 81 82 49 72 59 51 63 77 94 68 73 55 57 64 75 70 97 53 48 95 67 99 86 52 62 85 50 76 84 71 60 69 74 89 66 100 83 80 79 65 56
53 66 94 55 73 61 92 97 98 81 56 96 79 60 57 95 70 64 75 74 68 84 48 50 100 83 67 89 53 77 58 90 87 85 62 49 93 52 82 76 71 80 86 65 51 91 54 69 88 63 78 72 59 99
53 99 54 83 96 63 68 85 66 77 87 72 86 70 75 92 48 62 82 98 91 64 76 61 94 97 67 58 100 69 49 55 80 71 56 95 52 73 81 74 89 57 59 51 53 50 90 78 88 93 65 60 79 84
53 49 99 56 48 77 79 50 72 83 73 68 100 82 61 91 71 87 64 85 94 53 51 63 98 54 76 86 93 67 62 52 59 95 57 55 89 65 70 66 88 74 92 81 58 80 75 84 78 60 97 96 69 90
53 98 94 87 72 76 97 73 77 79 58 81 61 55 48 89 57 53 88 62 63 100 96 78 83 54 64 59 93 65 69 52 56 95 67 70 51 86 71 74 75 85 90 82 66 49 80 60 68 50 84 91 92 99
53 57 87 98 68 51 50 54 49 63 82 90 71 96 83 53 80 81 86 52 78 75 48 89 62 97 93 84 85 56 74 66 67 88 76 73 65 99 72 94 79 69 55 95 91 77 100 59 70 64 61 92 60 58
53 96 53 100 85 77 81 74 62 51 72 52 61 91 49 86 76 90 56 71 70 79 83 60 87 93 78 89 48 64 97 68 92 98 69 82 63 65 80 99 57 75 55 88 50 66 58 94 95 84 67 59 54 73
53 91 73 87 63 59 53 80 64 97 100 65 71 60 62 85 99 76 51 50 67 78 89 82 49 58 61 96 90 56 52 75 55 74 83 69 72 70 98 93 57 66 86 92 54 94 68 95 79 84 48 81 88 77
53 90 52 66 92 74 82 77 78 58 59 80 79 87 71 94 67 76 48 93 75 91 62 49 69 83 57 60 99 70 56 86 51 98 95 55 65 54 68 63 85 64 100 96 73 53 61 50 97 81 72 89 84 88
53 76 93 70 95 84 89 80 98 78 64 82 50 77 53 81 48 74 71 68 88 85 55 83 62 87 66 51 97 59 60 52 63 72 69 94 100 57 79 90 96 99 65 91 61 92 49 86 54 56 73 75 67 58
53 73 95 75 100 81 79 59 56 72 54 93 70 49 62 91 57 68 77 97 92 82 64 87 84 71 89 98 58 66 94 99 96 60 63 52 83 61 78 65 51 90 55 67 53 88 69 80 74 76 50 86 48 85
53 62 96 90 100 92 66 81 70 78 93 85 61 48 88 59 87 76 79 56 84 95 86 69 57 80 73 97 67 98 49 94 58 71 68 82 99 89 74 64 52 65 63 53 91 55 83 77 50 51 72 75 60 54
53 64 58 95 100 87 75 79 73 50 89 68 84 55 99 66 59 78 91 51 65 93 70 83 88 56 49 77 57 92 97 76 98 60 48 61 86 90 81 80 94 71 72 74 67 82 96 85 54 53 62 69 52 63
53 92 85 64 83 55 89 87 97 73 95 100 60 82 80 50 79 54 77 62 94 51 58 66 56 90 98 68 69 72 81 71 63 75 99 96 78 61 86 70 76 93 74 67 84 91 48 53 59 52 57 49 88 65
