99 92 99
50 84 24 77 41 8 60 36 90 68 42 20 32 25 7 65 47 31 40 52 27 53 14 91 51 18 94 78 96 11 29 76 10 9 74 22 6 80 4 89 46 1 44 63 49 45 17 66 43 26 81
39 32 41 92 36 91 4 22 34 88 58 15 56 86 46 43 9 84 23 11 42 35 13 21 76 30 55 87 85 26 64 78 60 53 93 7 80 90 94 45
47 4 17 19 91 37 74 27 45 87 3 8 98 46 81 95 94 20 88 5 76 40 70 80 23 53 16 52 22 18 64 30 58 31 90 34 9 28 54 44 86 55 59 93 6 29 39 43
38 74 45 46 66 90 3 24 98 80 92 5 52 25 94 78 84 79 28 68 87 39 7 47 91 57 12 49 82 60 38 93 48 96 32 76 30 72 29
67 27 69 89 12 29 18 95 41 70 20 19 52 84 3 67 80 55 22 98 65 49 25 2 51 83 64 32 8 54 5 35 17 73 43 93 38 11 9 46 75 40 63 37 28 99 81 87 62 57 36 91 31 47 24 76 72 82 56 86 42 68 45 50 96 39 61 13
48 14 29 55 86 60 57 7 76 91 6 32 69 56 34 81 75 87 18 19 99 90 89 74 77 35 11 48 30 5 28 68 54 44 31 36 47 72 88 9 1 62 58 94 82 21 49 79 27
51 52 49 75 8 76 31 98 46 14 6 95 88 63 39 37 5 30 21 67 78 57 82 4 28 22 44 86 13 58 84 45 53 2 17 65 35 1 36 18 92 97 50 59 94 69 12 27 66 15 99 64
53 29 31 76 57 73 18 67 66 28 65 47 41 12 74 38 43 70 44 9 91 80 82 51 22 4 21 48 64 60 19 88 98 55 62 96 15 35 77 11 25 58 79 24 46 97 23 89 87 93 42 37 33 45
39 37 14 93 41 29 16 56 59 19 72 50 99 87 62 73 15 17 78 96 88 9 90 58 79 36 51 94 3 54 91 68 13 47 10 33 77 98 34 49
47 53 97 76 20 73 41 23 3 72 46 55 87 17 15 84 8 33 68 77 67 66 32 47 88 59 1 99 51 11 50 5 71 38 44 83 16 45 75 39 81 89 27 14 18 30 60 22
38 56 78 3 29 65 60 59 26 44 20 91 52 72 7 47 71 61 62 32 18 51 41 55 75 50 90 36 39 14 30 67 95 23 97 77 10 48 16
55 31 92 67 61 30 99 2 12 39 1 97 66 54 25 40 88 86 69 28 50 79 15 80 24 22 57 41 87 10 93 7 65 68 78 75 89 20 47 5 51 53 14 9 48 71 56 74 95 17 46 96 81 49 73 72
52 60 89 44 14 26 30 28 25 38 31 84 27 17 4 48 78 3 15 24 85 61 43 72 86 16 18 22 92 80 5 94 74 23 96 39 29 19 45 11 6 35 12 53 91 34 56 32 50 2 76 47 13
47 33 19 29 78 6 35 13 82 84 77 26 54 49 64 31 90 51 68 83 69 30 80 85 75 56 15 10 72 25 32 98 45 89 81 46 3 53 40 94 55 2 86 11 39 99 17 41
50 82 26 96 80 29 23 36 89 10 31 58 95 45 17 92 50 49 19 93 15 32 47 78 79 60 53 83 61 39 30 98 65 97 11 18 88 3 51 77 7 12 87 99 25 46 71 6 28 40 72
49 19 70 41 86 16 87 9 89 1 55 21 97 38 27 67 25 29 30 82 64 56 91 71 4 92 61 42 10 48 46 73 45 3 7 15 99 14 35 63 6 79 88 31 78 32 84 72 81 22
52 34 2 7 28 76 43 51 6 30 1 88 10 60 94 96 39 31 84 13 29 40 27 67 9 47 82 69 78 32 59 44 73 93 8 72 62 18 98 33 95 68 52 11 83 97 91 35 64 54 42 87 99
44 61 15 88 86 60 26 55 49 97 18 3 99 35 93 80 5 41 81 91 48 40 43 8 10 84 73 1 16 53 37 65 72 66 71 95 69 21 58 27 68 11 33 24 92
56 44 7 17 20 48 11 45 96 80 5 32 54 41 38 18 10 43 83 59 67 13 76 77 47 60 90 33 70 16 92 9 4 6 28 30 75 15 68 29 42 71 51 26 93 64 72 91 69 25 94 37 3 19 27 46 22
54 62 80 23 95 66 4 40 34 92 84 26 63 77 16 9 98 42 50 86 35 64 67 47 65 61 44 10 13 36 72 31 11 71 38 87 14 91 48 6 52 82 88 74 83 41 58 51 85 15 30 19 37 28 1
61 68 54 30 96 78 53 42 76 11 90 26 88 51 21 85 18 17 6 75 74 87 70 41 59 92 36 25 91 77 50 5 7 16 67 8 31 69 65 95 27 48 43 29 10 3 84 98 13 9 58 62 79 47 94 60 39 86 89 38 66 97
57 51 60 41 43 12 81 87 69 50 88 97 66 89 38 49 3 31 1 4 25 85 62 27 30 16 15 65 61 45 22 2 58 83 64 92 24 90 20 67 86 70 6 23 7 44 53 95 63 48 96 10 93 72 59 33 17 84
55 82 60 28 51 8 63 87 46 84 80 81 36 22 88 15 45 55 89 19 1 24 58 68 18 29 96 41 66 95 52 43 13 71 33 62 4 54 21 69 53 26 59 93 67 40 31 7 76 14 74 85 91 6 47 3
47 94 35 11 65 78 3 82 84 53 61 69 39 51 74 80 67 21 97 89 50 52 12 70 75 9 2 55 48 22 18 10 31 73 57 38 49 46 60 72 56 98 77 43 20 76 47 91
52 5 74 4 63 81 38 99 14 13 60 68 57 55 76 22 66 69 64 88 97 10 89 47 25 3 19 39 61 85 41 62 1 90 91 56 44 53 33 26 21 36 28 24 42 77 92 17 12 65 29 48 96
47 27 94 53 71 46 33 3 74 76 9 12 11 77 4 41 78 45 59 62 18 83 36 65 16 2 13 73 25 32 60 35 89 15 49 66 85 47 30 81 17 51 96 70 87 99 54 50
44 84 51 81 10 86 31 61 40 46 71 24 69 99 41 9 13 65 79 38 4 63 18 80 56 16 34 67 42 64 91 2 28 90 15 11 3 76 55 17 33 6 95 52 94
48 59 9 70 24 67 38 86 43 89 2 95 33 83 72 36 19 97 73 93 3 44 42 88 39 61 15 41 71 49 47 92 78 57 25 34 31 65 22 68 26 5 85 76 12 21 30 64 74
57 29 85 62 83 91 31 40 96 8 24 51 72 19 14 13 76 58 90 54 1 79 66 67 48 95 38 45 25 26 86 18 84 99 52 77 10 20 78 43 89 81 46 11 37 32 44 23 49 74 94 55 12 60 92 16 80 41
44 14 89 10 49 73 8 75 6 48 86 42 19 59 92 41 53 62 17 20 77 54 55 79 32 82 23 35 76 64 43 88 25 2 24 3 9 27 97 91 16 65 4 1 36
57 80 21 63 88 2 94 65 54 99 9 66 11 46 25 8 82 32 33 96 55 50 47 62 44 38 3 60 87 57 39 79 56 67 77 74 64 84 35 78 30 13 6 68 18 83 10 20 61 71 23 95 29 53 76 41 24 17
45 87 48 49 56 39 71 25 34 42 41 23 94 61 38 69 75 59 52 99 19 55 79 9 40 6 5 88 74 84 24 50 16 27 33 37 96 90 54 72 86 46 30 20 81 35
57 33 49 42 19 91 10 71 6 46 96 47 81 65 80 45 58 11 69 55 14 84 15 34 13 51 4 97 7 76 92 70 63 66 88 94 17 78 24 31 25 23 36 22 29 99 74 61 2 85 93 98 79 86 64 60 18 43
46 36 66 69 44 7 58 51 49 16 5 31 68 78 72 23 28 67 3 91 46 73 17 98 94 1 43 95 48 21 55 56 50 83 70 39 62 19 25 65 2 15 34 10 37 60 6
58 18 38 29 37 17 11 70 19 77 31 40 44 20 26 1 63 92 42 24 50 72 5 96 2 33 54 57 67 48 22 32 27 36 76 88 95 35 53 56 13 71 49 39 80 15 28 60 75 97 86 90 78 83 45 23 65 64 30
53 34 37 78 97 66 18 7 67 59 2 38 73 86 77 28 30 93 63 69 89 91 21 9 23 64 70 95 50 33 27 81 29 82 92 6 8 12 52 65 42 49 83 54 19 17 57 35 47 46 41 16 20 75
61 69 80 6 17 60 21 22 39 31 4 90 66 98 46 77 42 41 20 64 11 34 63 93 47 1 86 32 96 73 28 48 24 5 67 79 91 12 58 85 27 82 30 13 10 76 2 74 70 61 97 59 52 18 8 37 92 35 3 57 94 7
43 96 67 28 37 5 18 83 69 30 16 66 88 91 50 81 2 52 57 85 93 90 17 36 20 45 29 46 6 82 7 77 14 58 73 40 76 86 39 49 38 98 71 8
65 80 17 83 91 79 1 90 26 2 28 46 36 25 23 49 58 70 3 35 24 34 82 42 5 8 16 73 4 47 59 14 40 92 15 97 66 86 37 57 45 44 95 27 11 10 22 52 87 61 41 6 62 78 55 77 21 67 50 56 12 38 51 94 84 29
45 95 83 34 49 60 11 27 14 86 25 54 64 39 30 45 16 5 8 69 76 12 31 13 20 84 77 66 47 94 58 74 2 67 73 51 70 17 71 90 65 97 87 99 92 98
46 24 76 66 75 63 33 5 97 18 73 15 46 16 49 93 38 29 45 20 48 23 65 6 82 43 81 14 79 12 19 59 4 58 60 39 2 47 53 57 44 52 50 40 71 68 69
50 25 60 1 12 7 21 94 83 40 93 71 37 70 34 88 39 17 8 84 4 65 56 82 67 81 30 18 31 74 42 32 79 91 49 99 92 78 75 90 45 43 13 26 6 15 19 77 63 89 68
64 69 65 70 5 38 94 89 10 31 13 48 66 32 79 27 21 60 83 91 72 30 42 57 46 15 98 62 24 34 73 64 2 97 17 7 36 61 35 68 3 78 56 14 93 59 22 39 87 82 76 41 54 90 11 12 33 81 55 8 71 16 53 88 92
51 15 43 59 19 95 71 52 17 73 35 5 60 99 68 93 33 47 79 32 83 54 56 85 98 94 89 53 86 75 23 87 22 28 7 36 81 46 61 90 16 40 92 64 58 78 48 30 51 24 14 12
50 87 9 53 98 20 67 34 81 97 64 66 10 54 94 18 75 47 77 5 91 24 65 17 46 40 90 26 36 31 22 37 14 7 13 60 95 51 29 43 89 92 88 41 73 4 23 78 74 6 52
51 96 36 40 81 33 67 10 68 45 66 42 51 75 22 69 6 71 11 31 30 54 74 7 97 83 86 55 5 65 64 27 72 70 46 89 95 78 14 61 87 19 82 77 53 25 2 29 73 60 24 20
57 16 68 55 70 61 62 32 24 42 87 59 74 43 69 75 47 56 63 76 45 67 80 4 40 13 64 8 26 22 15 88 37 18 27 66 73 93 98 86 97 23 34 77 9 19 95 25 85 5 57 1 89 7 94 39 81 99
41 3 53 70 63 72 23 2 89 12 99 6 85 39 28 1 30 21 25 66 15 84 20 4 77 73 13 16 52 92 7 83 65 74 33 59 64 36 80 90 98 29
52 49 89 40 17 75 37 68 51 9 55 7 91 67 79 13 87 21 3 69 54 76 61 90 70 6 46 30 11 38 97 48 56 73 52 20 58 22 78 25 5 1 35 36 43 93 50 71 65 14 33 59 85
61 52 38 69 74 1 45 59 30 65 91 50 58 82 25 40 17 68 31 53 88 73 33 24 34 97 18 85 86 13 8 92 78 9 72 3 12 55 47 16 76 51 87 36 46 5 21 56 96 29 63 44 71 4 35 99 2 98 20 27 42 75
56 12 81 61 17 40 3 42 16 5 58 10 15 60 31 86 53 98 92 22 93 41 48 34 54 46 91 67 78 8 30 21 71 83 9 84 1 69 51 77 63 75 89 95 66 62 18 45 25 49 82 47 94 70 43 57 52
54 83 75 2 66 47 51 48 60 12 3 61 58 37 68 78 99 30 50 52 34 89 59 62 69 64 39 43 20 15 79 17 73 10 98 1 71 4 35 82 11 80 49 91 27 31 72 85 8 25 23 86 56 70 54
46 28 34 31 41 71 89 18 98 44 14 46 85 54 5 62 38 22 21 4 81 64 39 77 59 15 74 95 94 9 67 91 50 19 57 56 51 68 79 82 47 8 27 3 32 61 93
47 76 74 39 13 14 96 54 30 58 75 56 47 86 68 62 50 24 7 65 5 42 95 11 33 38 97 84 1 91 87 89 63 73 23 36 28 94 9 90 34 57 82 98 79 8 88 67
31 76 49 15 50 80 2 90 60 34 92 88 31 44 37 18 69 56 96 83 3 28 98 25 71 97 47 74 52 14 29 54
53 35 85 91 44 73 88 17 99 20 50 23 13 46 95 42 59 6 18 41 79 9 84 93 74 87 67 26 61 86 69 1 14 70 36 77 29 64 51 63 80 96 62 45 71 98 57 49 47 68 10 56 28 16
44 47 66 79 63 64 25 44 69 8 18 98 80 70 86 24 19 95 81 99 22 50 31 52 78 75 49 32 87 17 40 37 2 92 77 30 9 65 39 89 48 29 60 67 13
58 60 35 85 67 62 40 96 54 39 98 94 56 93 77 14 90 82 75 4 47 51 69 55 43 81 57 11 46 99 91 42 25 73 78 10 2 71 32 74 64 5 63 65 53 16 61 26 33 22 20 80 18 38 23 58 6 45 8
47 91 40 72 6 97 27 87 61 73 99 4 17 36 89 43 53 80 48 14 29 88 98 49 41 3 68 10 1 67 86 2 52 11 78 38 34 39 79 28 12 93 31 60 58 35 59 65
40 39 49 40 5 9 28 29 71 21 72 88 54 83 20 53 34 31 59 11 12 55 68 36 17 51 64 91 57 14 25 43 87 70 78 6 98 18 67 19 45
55 45 92 12 87 17 61 11 37 23 88 18 80 62 15 93 71 99 70 38 42 76 85 27 32 3 24 4 53 16 19 21 77 65 79 22 54 95 43 48 86 68 63 59 8 75 49 46 66 35 30 7 29 14 47 84
46 52 70 57 96 45 59 28 49 95 26 44 91 99 89 62 54 48 33 55 50 24 79 2 17 67 60 77 65 97 20 94 40 61 74 23 35 38 5 9 53 19 25 88 32 90 69
50 71 13 97 19 85 57 59 40 41 35 86 42 60 4 49 93 30 54 37 68 95 14 23 46 25 9 2 47 36 75 39 50 17 20 83 81 11 10 73 91 16 22 89 67 79 90 21 28 80 99
47 85 11 34 38 2 3 55 71 43 27 19 59 70 98 30 44 69 77 83 33 22 67 25 35 51 75 5 91 95 54 76 52 39 29 97 45 81 56 79 68 1 46 63 7 40 94 93
45 88 96 62 80 45 60 16 36 59 13 69 90 73 70 51 56 46 23 71 3 52 31 65 79 66 19 1 11 41 91 77 2 22 12 82 33 84 7 9 68 14 18 75 64 8
52 67 24 23 9 73 44 30 26 71 15 75 53 27 50 49 74 41 59 17 88 82 65 11 51 70 25 39 93 48 5 12 2 13 95 42 57 89 18 37 36 8 94 47 28 55 76 35 14 7 1 32 20
54 43 25 21 12 90 35 46 57 50 66 96 68 29 72 91 24 47 13 32 81 22 58 59 34 78 15 98 73 88 33 19 10 82 48 8 76 62 85 23 44 7 94 67 56 75 45 79 64 69 26 80 17 52 31
59 67 37 64 8 80 13 61 59 18 65 12 25 32 70 14 38 39 10 42 2 88 98 4 90 92 55 30 89 26 75 76 51 81 34 9 44 57 60 33 19 63 56 97 17 99 93 45 79 71 21 58 29 7 20 49 84 28 23 31
54 32 60 35 57 92 99 70 87 86 48 43 40 51 28 84 85 80 36 7 42 38 13 90 50 75 44 52 21 15 72 59 10 61 94 49 24 96 88 45 56 93 41 1 34 55 25 8 65 53 17 33 78 79 14
43 9 11 2 51 36 58 95 73 15 41 47 17 80 89 62 76 82 94 19 84 49 59 40 27 65 20 16 79 34 6 60 74 45 61 70 53 75 67 10 8 38 66 85
55 8 70 49 16 9 84 93 19 13 75 92 29 63 4 37 52 39 68 76 51 5 14 57 3 41 7 91 56 10 40 61 25 35 12 73 1 22 20 78 15 17 11 95 77 86 33 24 34 96 30 23 69 46 26 31
44 88 57 38 42 15 70 86 65 31 37 55 6 66 80 78 99 33 91 45 20 48 26 43 25 94 95 10 83 68 22 87 32 69 35 54 46 23 71 56 7 51 67 79 21
44 35 9 90 27 11 68 57 59 61 15 1 28 83 13 99 62 38 17 98 5 96 70 55 82 64 75 25 52 73 88 95 48 78 71 46 66 34 44 69 42 67 85 94 37
51 67 16 54 68 88 66 87 75 6 97 70 17 14 55 23 93 92 15 1 53 80 57 63 40 18 32 47 49 77 73 91 29 82 60 78 36 27 35 76 22 64 65 13 52 34 10 4 30 12 31 86
48 99 67 96 93 13 32 78 79 33 70 45 18 85 8 64 4 30 16 11 46 75 56 47 38 29 3 76 54 6 34 61 57 42 77 48 15 89 58 98 65 80 25 52 2 82 49 92 81
54 94 5 52 72 44 68 45 7 17 63 24 28 31 25 13 75 26 99 40 97 21 42 8 1 54 93 3 66 55 37 23 4 76 70 43 29 90 83 58 60 51 41 32 38 34 92 18 9 89 88 74 82 53 39
54 90 62 78 75 76 44 2 89 25 3 16 34 41 17 59 73 53 72 9 94 5 82 38 83 57 50 77 22 27 45 85 96 84 30 43 67 61 29 21 79 65 18 8 55 40 49 33 10 31 98 95 14 54 93
51 99 81 25 8 84 1 93 87 74 88 78 77 24 44 75 28 4 65 16 31 2 39 22 63 71 82 17 96 20 60 37 76 59 85 6 94 97 21 43 3 41 48 10 51 46 50 34 45 62 89 35
61 28 55 57 73 42 53 83 17 68 96 82 9 65 91 78 24 32 31 36 29 18 22 70 97 44 56 4 72 60 93 66 2 94 48 61 86 84 10 74 52 50 69 43 34 81 20 33 26 41 90 47 49 5 14 59 87 89 51 58 7 8
53 97 54 98 77 7 32 90 43 93 29 25 21 9 17 12 46 81 73 83 61 34 95 13 2 53 78 5 80 88 18 87 65 74 64 14 55 23 22 69 51 6 71 20 16 41 40 10 49 31 42 94 63 36
47 16 69 14 10 19 96 86 30 81 85 12 18 82 34 60 75 79 71 2 62 87 98 26 15 22 45 67 29 92 21 3 49 77 36 20 74 97 17 91 41 94 47 65 57 13 27 44
46 91 74 36 63 86 50 78 72 2 48 41 46 31 81 5 70 27 11 96 60 58 59 85 75 84 47 33 35 10 79 6 62 28 26 90 16 97 37 45 93 7 82 92 95 88 51
64 25 68 85 69 71 4 87 75 77 18 36 47 91 2 67 73 44 1 82 23 97 61 59 7 90 37 65 81 19 29 35 70 86 26 21 89 27 3 56 51 49 93 8 79 46 62 80 74 50 99 13 22 58 39 15 78 98 54 72 83 57 84 5 31
52 68 3 13 90 55 56 74 24 97 61 26 11 37 91 93 57 32 86 9 64 67 12 39 8 99 34 62 52 44 14 20 29 30 19 16 1 49 82 69 75 51 36 81 27 10 87 45 53 94 40 72 33
49 15 81 4 7 79 37 18 14 3 85 39 28 50 34 70 71 89 54 16 88 26 75 90 53 57 78 80 99 40 38 56 51 47 5 49 19 73 11 32 87 96 58 74 76 64 67 2 97 27
56 1 29 45 66 55 99 59 35 95 28 39 73 93 48 96 8 84 13 37 71 14 56 38 25 87 94 23 3 10 27 97 30 54 58 47 79 42 74 89 60 4 62 53 78 24 98 91 36 88 43 11 51 64 17 19 7
43 14 40 8 19 61 22 69 52 53 46 58 70 94 12 59 23 3 87 24 67 37 1 41 62 18 90 81 93 4 51 35 54 39 38 7 36 79 57 82 33 26 16 20
53 72 10 5 9 97 35 46 33 59 1 98 70 49 8 95 73 84 79 3 86 43 17 65 14 32 4 45 71 87 11 51 15 18 57 34 29 22 76 30 90 23 62 39 55 68 77 88 21 61 96 47 82 83
59 35 21 59 67 69 93 98 10 65 2 60 22 89 41 94 96 54 87 20 1 29 30 47 19 9 80 99 77 8 46 79 91 63 88 12 16 36 58 44 57 3 83 70 26 68 62 78 85 38 25 33 18 13 42 71 15 95 92 5
60 16 73 38 84 71 82 86 78 66 65 13 61 74 52 40 24 98 39 9 88 97 37 12 53 35 58 80 87 89 56 93 26 62 34 20 55 77 57 60 92 67 36 91 45 8 17 70 96 3 51 11 47 59 50 95 46 10 90 21 23
53 25 45 30 69 97 5 89 32 41 36 1 55 94 96 67 79 70 90 75 50 42 43 82 57 99 3 48 59 23 81 31 60 91 15 6 80 26 7 34 65 87 21 95 28 68 16 66 19 73 78 58 86 77
45 2 69 27 93 35 72 28 64 80 97 24 68 13 12 37 32 75 29 78 87 90 85 18 40 83 50 58 42 96 45 9 22 47 33 11 26 92 21 94 44 99 20 74 61 1
52 15 45 76 23 61 71 48 65 37 35 78 54 68 56 57 80 52 62 22 12 20 33 88 7 64 28 44 29 91 89 98 86 55 39 36 81 14 1 75 8 58 90 93 43 69 10 99 6 96 21 27 32
60 43 80 50 47 94 5 23 40 82 24 56 49 92 76 69 64 35 37 90 38 29 21 57 67 46 11 93 25 7 70 12 14 78 77 72 45 6 32 31 99 9 89 66 74 15 68 26 48 42 88 79 22 28 58 39 33 19 41 52 10
47 45 18 71 21 56 30 33 31 96 28 81 7 14 46 47 73 32 16 97 42 20 84 61 44 41 72 22 12 76 77 52 91 11 80 70 53 59 90 26 85 63 23 6 92 99 51 17
45 98 11 73 31 90 94 7 61 36 86 68 26 37 80 71 69 83 16 46 45 81 9 58 21 63 22 67 88 29 95 39 77 38 1 55 42 35 41 89 20 84 52 85 2 87
37 93 76 48 89 27 57 72 45 3 83 68 67 22 6 81 38 31 53 17 95 1 30 19 78 36 21 34 91 82 9 71 11 50 8 39 70 16
45 39 85 28 25 61 2 56 34 62 86 22 29 12 73 91 7 46 15 45 30 20 70 17 67 99 63 37 18 71 98 16 42 23 93 10 1 40 57 9 77 54 3 31 50 27
50 83 63 12 20 36 22 52 30 19 85 9 71 64 4 11 61 24 67 46 50 75 1 84 90 35 31 45 6 18 82 80 34 5 27 44 41 95 3 43 87 65 32 49 93 48 51 79 74 42 70
