99 20 100
48 51 92 35 74 59 55 97 37 96 12 53 17 68 39 79 85 54 19 23 11 87 73 72 98 67 40 47 3 52 49 1 20 83 89 5 22 36 93 82 90 48 16 41 28 25 42 14 15
59 46 82 53 77 35 51 76 65 31 33 17 12 92 74 79 52 50 84 61 44 58 95 29 7 11 86 99 67 55 40 37 64 96 93 22 88 85 13 87 9 70 59 45 32 66 6 90 14 41 56 18 81 15 49 47 89 38 94 83
55 13 56 52 42 97 22 7 94 98 59 33 63 20 62 75 86 65 71 18 84 90 2 26 32 64 87 17 1 15 58 41 28 37 73 92 35 8 60 9 83 68 3 85 25 79 70 66 12 40 45 38 19 80 76 57
56 36 44 33 87 58 4 40 51 81 16 69 27 74 89 35 50 79 31 5 55 7 42 29 82 15 37 61 56 90 47 46 97 80 65 39 67 23 93 91 52 94 43 48 85 62 98 13 28 76 78 3 20 75 30 22 18
52 65 79 58 1 69 53 34 94 70 41 80 85 76 63 68 14 23 12 8 99 18 30 52 66 74 82 13 28 22 15 26 81 71 93 83 84 51 64 48 61 89 90 95 55 43 42 46 91 11 56 25 16
46 57 45 78 29 40 97 17 58 77 4 6 93 10 3 12 85 42 22 27 30 24 66 51 71 2 8 54 92 19 81 84 86 67 37 18 74 55 32 7 14 69 60 35 46 16 63
48 64 30 14 34 38 53 62 61 80 89 57 3 27 51 28 67 66 6 10 18 19 35 9 16 44 8 83 78 5 59 76 23 22 88 70 25 50 87 75 45 85 41 13 40 96 17 39 58
59 9 72 83 56 11 69 82 21 55 61 47 95 13 19 14 73 3 96 92 6 20 44 86 66 98 67 17 91 31 43 23 68 39 57 37 63 76 22 45 8 26 33 32 52 49 84 30 74 12 50 41 65 28 77 54 81 42 38 62
59 56 68 44 94 10 52 37 47 39 89 80 88 66 70 1 12 38 77 28 57 46 64 41 92 27 11 74 26 45 86 78 6 42 3 97 20 4 73 15 55 83 5 54 2 24 36 33 23 98 99 21 18 35 96 90 13 93 79 50
48 95 12 3 23 39 48 77 9 81 8 90 82 18 5 63 98 37 6 19 66 29 69 57 13 43 87 7 67 53 52 78 72 4 68 45 62 2 28 34 10 79 51 80 59 99 1 89 84
59 27 82 38 79 88 20 30 85 69 81 62 2 75 33 17 22 3 53 23 14 63 13 59 46 84 9 25 43 29 70 18 35 94 86 87 72 76 80 36 32 77 49 65 42 39 40 66 78 50 98 21 61 52 5 4 31 6 58 1
56 31 12 40 34 39 42 70 43 63 29 5 11 20 72 46 74 71 30 47 51 6 2 32 37 60 79 61 99 86 62 96 50 9 3 4 27 75 90 66 44 58 77 17 35 73 21 22 33 91 84 68 80 54 36 88 52
55 36 93 21 62 32 60 24 52 48 6 99 84 87 72 68 17 4 44 78 50 33 63 94 65 55 3 39 77 64 82 23 7 47 66 79 71 95 86 38 30 89 9 85 37 83 59 26 49 25 70 54 97 75 22 34
52 44 6 89 66 94 62 27 75 23 40 58 35 30 42 17 50 64 95 39 19 52 24 85 16 2 45 79 71 7 49 84 59 25 61 51 93 80 67 5 55 9 37 98 96 31 20 56 70 10 77 83 11
58 98 7 30 21 56 84 25 81 43 96 9 60 88 20 39 33 6 86 76 32 26 97 15 3 57 67 82 93 89 74 1 77 49 47 18 40 36 38 45 78 75 65 24 58 42 17 31 80 28 23 12 99 8 27 34 64 66 62
54 54 10 19 9 26 30 55 15 41 44 97 7 96 17 25 66 95 37 68 5 14 49 69 77 33 86 64 73 36 28 16 40 82 89 50 6 98 8 43 62 59 53 57 34 91 61 58 32 93 74 46 78 39 88
47 48 76 75 84 93 96 63 18 24 60 29 1 36 53 55 26 70 98 22 11 20 9 2 88 62 65 15 27 89 94 38 68 58 71 97 42 44 14 7 77 41 28 39 4 43 86 16
49 20 84 26 62 93 29 89 37 97 25 59 35 19 1 14 17 47 64 56 51 80 83 45 88 65 50 18 99 68 23 67 58 34 70 73 71 28 87 98 60 66 33 55 77 6 43 78 94 44
47 50 78 77 99 27 81 55 70 66 12 6 60 96 84 2 11 72 46 92 86 33 47 29 9 1 95 98 23 88 73 89 5 40 41 44 65 25 82 42 80 8 22 61 19 13 30 71
59 79 48 15 83 1 53 42 69 19 72 28 35 82 71 78 77 22 41 14 25 36 62 98 59 81 4 6 66 92 2 74 3 51 23 33 91 61 26 49 96 27 38 80 7 16 11 17 43 9 29 55 18 57 50 46 88 64 70 65
51 23 99 80 11 57 5 56 41 74 42 51 24 81 63 78 33 26 27 97 58 8 35 36 68 17 52 40 64 39 16 89 83 53 50 91 15 59 61 72 79 98 6 12 95 54 70 19 77 3 90 87
53 35 27 7 29 2 97 12 13 85 36 5 4 18 34 84 48 39 56 17 26 30 1 92 49 55 94 93 98 70 24 80 6 74 75 10 16 37 15 3 54 89 82 59 62 43 31 58 21 42 71 33 25 72
59 87 24 85 62 11 5 81 83 53 8 7 65 16 55 98 75 74 3 77 44 40 79 45 32 91 60 35 67 95 10 97 23 2 89 90 94 12 96 69 26 34 36 22 31 56 59 51 82 72 80 46 13 37 93 54 14 21 71 68
39 98 95 53 43 12 87 9 17 84 16 14 1 81 46 51 52 25 60 36 34 33 4 83 15 40 58 23 37 96 73 88 78 50 49 22 11 3 7 92
56 9 87 14 97 55 84 1 31 72 73 6 51 53 79 70 46 12 44 78 95 82 63 41 36 67 29 94 48 83 66 37 75 17 42 30 24 38 89 77 21 61 88 34 59 81 39 68 74 85 57 13 43 47 86 2 40
49 6 9 74 96 31 1 18 43 54 60 89 16 5 19 13 15 4 12 22 71 40 11 50 39 37 38 94 24 41 91 33 61 44 64 28 82 69 93 81 77 98 56 45 8 25 47 66 7 85
45 92 70 42 9 89 64 34 66 33 45 37 47 67 5 3 6 94 14 55 50 40 86 90 39 65 82 79 11 17 83 44 96 85 72 52 1 25 31 28 54 91 38 22 32 84
47 48 20 74 33 36 29 44 69 37 98 9 28 25 49 32 92 53 89 80 30 41 4 18 40 16 39 95 77 67 3 1 90 61 38 26 17 13 2 6 59 19 64 86 31 56 65 84
47 99 17 45 6 16 44 20 67 14 26 54 5 57 37 78 13 36 22 19 9 80 79 29 25 58 4 72 98 35 66 93 49 31 96 11 90 62 86 63 71 34 68 38 50 47 64 60
49 5 94 77 35 60 23 1 75 63 69 20 44 9 27 11 42 24 32 67 92 17 74 45 37 57 12 53 49 39 71 47 55 21 25 22 40 93 81 58 29 98 86 54 82 83 85 28 95 7
42 94 23 18 3 46 36 42 47 76 24 10 88 64 82 9 35 43 50 22 56 15 52 93 98 51 55 67 30 28 77 14 33 12 70 11 84 54 72 48 80 21 57
56 72 24 62 40 59 86 64 10 71 67 16 93 5 17 54 42 18 19 57 83 39 48 36 76 78 30 31 26 92 9 23 41 69 85 87 33 94 81 37 84 77 22 90 11 60 58 51 46 35 8 56 44 20 52 47 13
65 10 61 22 30 3 86 53 2 88 28 46 19 87 77 97 64 82 66 75 32 12 67 98 92 33 37 18 24 70 35 11 50 13 17 5 73 85 21 26 80 62 7 34 41 49 42 93 56 55 68 51 89 91 39 16 65 48 76 52 14 74 96 20 78 95
57 95 12 74 76 20 25 44 1 92 85 82 90 77 86 50 13 4 56 19 61 23 69 48 62 51 47 73 45 66 9 5 49 71 46 72 2 35 93 41 16 32 15 54 80 38 33 83 43 30 24 36 7 39 87 11 52 75
46 41 58 36 8 83 81 35 73 40 59 28 92 60 39 1 45 94 26 48 49 3 96 46 29 68 32 33 97 85 86 42 21 79 70 22 54 13 55 87 37 10 88 84 74 17 6
43 43 40 88 59 19 54 81 9 56 12 68 13 4 31 2 74 52 64 95 60 55 97 5 14 49 86 96 83 62 21 67 82 57 79 99 53 84 33 66 36 44 41 17
44 99 18 50 85 40 87 53 35 9 15 59 49 23 88 81 63 38 69 82 74 52 22 36 97 45 20 47 32 66 95 28 60 65 72 41 78 77 27 73 56 90 86 2 83
56 73 18 93 65 24 58 54 70 87 29 71 25 47 35 44 80 92 1 97 21 16 85 64 96 52 48 43 90 98 7 19 8 94 95 55 3 38 50 84 75 33 36 68 15 27 39 5 77 46 78 37 6 10 2 99 74
51 11 5 43 2 76 33 1 46 74 48 24 34 75 66 78 36 47 97 13 91 31 79 92 22 88 6 18 57 52 26 27 67 58 4 37 21 80 14 9 12 54 63 85 96 50 3 7 98 68 62 45
51 24 17 75 61 29 85 30 11 63 94 8 76 72 51 96 15 31 2 40 46 13 58 19 54 23 81 56 22 62 70 7 28 71 87 59 39 91 38 74 68 83 20 95 48 44 64 89 41 65 99 1
51 53 20 31 54 14 12 58 36 41 72 51 32 6 37 17 50 77 65 48 90 9 70 62 96 95 74 60 34 45 39 52 93 85 43 11 44 5 26 23 84 61 30 56 86 28 94 13 24 29 55 82
51 64 7 31 65 93 16 37 23 13 32 81 92 42 51 60 98 77 74 71 45 82 68 17 15 9 73 83 34 10 48 59 28 88 18 86 79 21 20 25 19 89 55 22 78 1 47 97 33 91 70 46
45 45 60 13 42 93 20 87 88 75 70 10 56 65 19 54 92 98 55 66 23 86 85 17 25 81 71 46 22 97 94 37 48 28 47 58 68 15 34 84 41 6 31 90 64 11
52 18 99 63 61 58 89 98 53 96 34 49 15 76 8 30 28 41 43 70 6 31 67 54 13 85 44 9 57 23 26 93 92 60 19 12 88 16 74 80 1 36 11 29 32 90 20 97 47 21 86 59 2
45 95 39 58 4 14 44 34 68 72 71 21 26 63 49 81 97 65 37 25 15 70 52 2 20 86 62 69 33 84 56 88 89 5 6 80 13 28 51 35 74 42 46 76 85 66
48 49 86 98 96 1 56 77 34 31 15 59 91 20 35 19 73 33 51 81 62 85 89 37 44 11 26 50 63 69 95 87 46 29 67 80 13 21 45 88 9 82 18 79 60 68 22 61 12
57 34 33 42 67 5 19 39 3 29 65 50 53 6 47 58 48 81 66 89 80 98 92 64 96 43 84 26 61 40 15 45 32 10 21 91 44 72 41 24 2 77 57 88 22 23 31 4 1 70 9 73 94 37 76 62 79 95
47 75 42 99 16 14 66 37 98 61 25 74 93 57 80 89 43 67 11 59 22 91 72 36 48 1 88 56 45 73 92 52 83 94 64 47 24 51 55 85 34 81 38 54 79 32 63 13
58 51 92 87 1 95 77 32 42 79 33 56 20 23 68 73 40 31 25 58 94 43 7 29 28 65 93 96 89 54 18 47 60 90 6 63 16 71 30 61 2 35 13 45 53 97 75 4 80 38 86 66 82 34 12 91 11 99 15
56 87 68 39 22 41 38 90 10 48 40 77 89 54 17 78 83 45 67 28 24 63 9 46 27 15 76 25 13 14 96 2 80 16 12 95 50 30 91 81 70 99 43 57 65 6 84 8 5 37 59 88 82 74 58 35 97
45 35 81 25 87 59 43 11 13 97 10 73 34 31 7 77 21 92 44 47 2 85 86 66 70 28 57 16 50 96 6 32 20 83 88 18 65 19 53 68 37 4 82 23 78 12
55 31 44 92 95 53 34 79 33 26 52 13 78 32 77 38 65 20 16 1 21 57 80 76 64 9 41 12 22 7 40 24 81 28 35 15 37 96 85 98 39 59 43 4 71 88 91 42 3 14 75 67 36 23 54 99
38 41 28 30 7 26 74 42 24 46 73 6 85 50 34 76 19 27 35 63 52 12 95 99 66 3 20 70 78 68 21 90 36 54 29 91 89 43 11
51 12 36 39 37 59 79 78 28 73 34 2 81 38 45 35 71 62 30 94 76 40 82 84 68 23 95 56 6 60 10 75 80 14 69 5 66 90 57 93 42 64 11 51 24 49 21 63 53 3 15 58
45 87 85 56 70 91 65 97 77 39 53 20 34 22 51 45 60 68 12 10 67 35 52 48 61 90 18 26 25 96 71 19 50 81 36 28 15 93 99 92 72 23 79 84 3 42
53 52 88 15 36 25 24 27 80 26 46 73 7 33 90 82 71 3 35 6 77 64 18 39 38 12 67 14 10 79 44 58 32 84 29 74 22 68 11 86 85 53 23 98 4 51 47 49 56 83 65 55 81 40
49 93 51 40 44 41 67 83 8 16 15 52 92 82 48 5 59 76 70 20 65 1 75 22 28 87 46 78 86 99 61 12 27 55 4 49 18 94 88 43 9 60 47 56 2 33 13 58 89 50
48 9 78 11 60 54 99 61 62 52 70 13 90 57 35 20 50 89 92 76 77 24 64 8 51 26 23 84 93 66 56 83 4 47 71 7 39 96 74 21 22 63 29 86 17 43 49 18 28
39 93 30 61 47 2 72 34 74 57 69 59 32 52 43 81 41 25 65 98 10 60 86 28 95 42 70 4 21 88 78 56 40 44 15 66 8 24 68 48
56 90 46 72 23 26 78 77 82 13 93 59 29 20 81 42 97 65 83 64 87 16 40 34 3 84 32 92 25 58 88 44 21 67 43 61 45 5 33 56 94 47 62 39 18 1 71 30 11 19 9 12 99 48 37 74 31
52 2 74 32 57 84 94 5 87 16 17 3 82 77 60 91 20 25 66 52 36 80 86 19 75 41 96 46 98 15 83 54 38 90 76 68 37 56 7 40 69 27 71 59 58 28 53 92 85 65 50 61 62
57 55 30 26 64 77 85 9 25 21 67 1 70 90 20 65 19 68 29 99 10 95 53 17 59 87 7 76 66 57 79 71 75 39 92 3 56 62 58 74 42 88 81 86 34 11 83 35 15 43 69 72 12 23 40 96 33 14
40 49 62 1 28 51 20 50 56 27 96 29 84 18 52 12 94 93 10 32 26 81 59 45 64 17 11 42 19 15 61 82 77 57 23 90 35 95 39 68 98
48 6 14 70 64 88 23 45 61 4 5 62 18 35 94 21 7 16 57 77 85 66 97 38 17 54 87 56 75 90 52 40 29 59 22 33 25 36 50 60 76 27 91 20 95 37 78 53 51
59 66 57 47 15 94 75 29 61 69 39 8 1 93 85 16 99 51 4 33 62 32 91 34 46 37 56 79 11 22 83 96 90 2 97 43 10 6 26 65 27 21 71 84 95 63 9 74 68 30 12 36 24 67 31 3 13 80 76 54
48 91 22 14 71 75 64 69 20 15 13 98 7 51 11 90 66 45 4 46 54 70 52 24 10 81 87 85 27 12 74 1 25 65 6 67 83 31 76 48 5 35 38 68 40 26 53 84 73
52 82 30 49 39 47 76 93 72 16 64 53 18 54 46 48 35 89 62 59 29 32 51 70 6 67 31 21 94 97 13 4 50 34 85 55 27 2 57 44 95 10 40 66 75 28 38 17 56 20 36 88 69
36 5 99 96 83 50 48 20 49 54 98 70 78 8 23 17 80 37 60 46 92 2 10 18 90 77 43 71 74 1 94 25 52 29 81 51 19
54 95 11 92 81 4 31 46 65 33 39 70 29 76 68 23 22 97 41 20 55 45 16 60 61 69 51 19 63 94 59 32 78 85 88 25 37 62 82 7 58 50 35 90 71 53 28 44 73 8 38 77 10 17 9
55 69 89 34 74 93 21 63 49 2 15 51 77 91 90 57 33 70 85 40 20 52 88 73 14 29 6 82 60 18 75 3 5 59 31 48 41 96 30 4 65 53 17 28 11 86 80 7 38 27 55 95 8 62 97 35
51 63 32 43 15 74 65 13 59 8 49 38 86 61 99 27 73 53 58 50 25 93 68 55 16 97 47 33 85 44 78 21 84 82 60 31 6 96 2 48 40 18 46 80 66 56 87 20 64 34 91 45
45 26 64 88 30 43 95 12 59 66 70 46 16 50 32 21 23 3 27 41 49 10 86 87 72 1 53 58 62 19 89 33 8 83 73 15 44 52 56 81 71 69 24 37 74 82
47 63 67 86 69 32 76 21 29 19 5 8 50 27 70 89 40 12 99 16 94 3 22 75 92 26 97 68 95 54 90 65 55 79 72 31 28 38 77 15 44 10 9 59 53 82 57 18
66 44 12 20 10 47 48 85 33 38 80 72 4 67 64 60 31 3 26 55 23 37 1 8 29 59 52 5 58 86 53 36 87 79 7 70 35 30 95 39 71 28 40 89 42 96 43 63 68 76 78 21 18 50 83 98 92 56 41 34 19 99 13 74 73 88 61
42 59 90 35 54 18 84 48 1 99 41 4 29 56 26 39 92 43 16 64 51 69 53 37 38 80 60 65 14 75 85 73 52 45 47 63 25 95 76 86 10 36 33
42 94 32 76 47 75 14 45 54 42 64 15 72 44 63 5 34 40 46 86 9 84 51 16 61 35 69 77 27 71 41 18 96 93 28 33 99 55 57 70 49 23 4
45 15 5 44 8 49 57 37 59 4 85 9 17 28 42 43 91 75 90 65 48 55 14 40 99 45 51 29 46 96 87 97 78 10 82 32 93 80 77 69 70 3 38 25 63 73
49 62 52 9 79 64 18 91 40 97 96 21 15 24 85 26 48 95 30 77 28 33 41 69 46 31 12 22 59 47 37 13 99 86 76 36 6 10 67 45 57 43 55 83 34 92 11 20 4 80
35 85 41 99 90 3 21 22 4 86 14 47 45 49 30 92 2 11 15 31 76 87 37 44 84 27 34 8 23 46 53 5 17 16 9 58
57 7 18 23 21 32 5 22 31 25 98 41 16 15 67 13 8 24 77 63 9 87 28 73 72 44 1 74 45 59 93 71 50 33 76 90 35 10 29 62 56 12 61 75 54 84 58 26 79 34 11 88 43 46 51 60 89 80
49 19 27 2 4 31 76 17 86 1 98 46 60 50 99 84 26 56 68 24 41 90 15 14 62 21 33 9 20 80 48 81 89 5 74 54 91 39 87 32 8 37 72 51 79 88 18 73 93 11
54 1 54 38 76 4 84 89 73 58 49 65 40 23 24 69 32 97 15 37 98 8 53 5 6 55 47 19 80 20 51 7 9 39 78 61 50 92 83 28 43 22 85 10 44 70 88 13 86 72 62 95 94 71 18
48 45 18 14 83 77 37 59 19 67 78 79 96 57 92 58 54 48 85 6 38 49 3 43 89 28 30 1 35 29 65 25 34 66 23 11 63 4 64 17 44 61 73 51 81 95 12 80 20
56 44 89 63 93 30 7 79 50 52 5 88 11 64 2 36 94 19 53 22 69 51 17 80 6 45 39 28 81 12 9 42 31 83 85 14 54 41 56 87 73 67 76 86 84 10 27 82 24 75 68 20 57 55 96 49 90
37 17 52 72 34 2 50 68 16 5 54 19 9 94 75 45 43 60 18 84 81 58 6 66 26 31 82 35 3 90 37 12 39 36 77 96 97 57
44 40 21 57 96 70 63 87 65 60 92 7 99 10 20 17 43 75 19 8 91 89 76 24 45 27 18 69 74 16 13 59 88 42 83 29 44 68 41 33 36 50 62 5 53
45 38 64 84 3 16 44 72 35 56 88 37 49 30 36 8 90 51 70 75 61 5 14 43 33 69 20 99 85 58 94 13 93 29 27 46 59 52 18 26 22 87 62 41 68 63
55 17 75 28 89 64 93 81 54 82 18 91 39 92 52 53 66 97 83 51 47 60 63 55 80 32 79 35 73 42 94 12 10 23 3 85 37 13 76 41 15 43 36 19 22 30 8 96 61 20 4 68 58 44 9 49
51 8 77 2 76 95 97 12 41 44 62 58 1 7 64 92 93 26 57 60 19 72 32 18 54 83 17 29 99 16 96 56 34 40 21 11 78 48 6 90 89 84 82 55 73 69 70 50 66 59 46 52
54 52 41 23 78 34 7 45 36 77 28 35 69 8 20 1 47 95 88 19 4 93 46 61 25 66 30 13 49 43 91 96 85 64 76 89 83 90 51 75 17 37 98 63 18 82 87 80 16 15 31 6 99 11 42
58 57 29 63 19 5 10 34 67 76 47 93 82 70 46 80 75 92 85 60 1 64 28 52 69 86 31 99 49 25 36 89 21 53 74 15 20 83 32 2 37 35 56 77 71 98 96 43 40 78 8 79 7 62 68 51 27 59 6
49 68 16 36 54 71 30 40 86 97 18 75 96 11 1 78 29 4 44 5 27 57 65 94 9 61 33 49 56 6 39 34 55 50 28 45 8 47 14 20 79 76 98 51 69 24 13 72 37 58
52 89 25 5 77 96 64 86 17 79 27 55 51 39 32 30 11 48 42 83 85 88 67 36 87 76 97 50 61 23 18 75 8 19 46 33 41 66 6 73 37 40 53 29 59 91 60 93 43 35 99 90 7
53 28 96 10 93 1 12 42 15 21 80 6 14 27 81 61 83 65 68 70 22 90 20 63 38 9 64 30 44 24 60 98 17 95 8 41 46 49 69 85 58 76 91 4 32 55 47 72 78 99 86 79 54 66
57 37 29 2 70 49 33 30 62 67 61 79 80 63 7 42 19 81 52 13 41 21 91 85 12 76 15 73 4 82 47 64 86 27 84 23 36 69 53 83 1 17 32 90 88 55 39 77 65 14 22 45 97 18 20 51 98 93
63 1 52 16 60 92 80 11 4 62 29 94 35 46 6 28 22 68 47 10 44 12 39 71 84 53 86 15 79 56 30 91 98 34 55 19 90 65 70 45 75 64 21 42 20 93 95 2 96 63 89 83 25 37 7 82 27 72 23 18 59 9 61 5
39 6 88 23 9 76 38 46 47 97 82 74 87 64 72 34 89 69 53 36 67 78 94 75 5 43 21 48 58 29 80 30 98 71 59 39 4 91 85 49
47 60 32 73 8 46 28 80 7 5 66 50 2 43 41 6 53 39 74 78 35 1 9 61 12 24 26 96 65 90 27 22 88 67 64 38 62 36 48 87 17 16 23 68 49 91 94 92
47 60 10 8 38 28 1 54 79 99 77 67 97 18 59 96 9 39 85 22 92 31 57 37 30 16 89 84 76 41 33 55 25 29 88 47 93 19 40 4 58 51 42 20 12 46 65 27
