100 33 100
43 81 2 43 27 87 5 49 62 35 93 47 67 38 50 20 40 61 58 78 7 92 32 26 19 55 14 24 74 15 80 56 59 28 8 84 37 54 51 12 86 70 34 22
41 41 64 82 95 16 66 25 69 53 33 71 42 21 77 18 9 99 63 57 4 13 72 46 96 60 3 23 76 90 39 29 100 68 6 85 83 75 44 30 65 11
41 12 28 14 5 98 88 67 73 15 78 26 56 61 22 55 24 49 47 62 54 97 94 19 89 84 36 2 8 27 20 91 40 70 51 7 35 50 10 81 86 58
43 15 67 36 73 7 59 88 55 93 2 37 26 86 78 20 47 49 5 91 56 89 74 61 97 8 28 32 81 34 80 92 58 54 40 94 12 19 27 70 10 24 22 14
34 3 48 96 63 66 44 18 90 33 45 77 4 82 42 16 25 52 85 13 30 83 23 1 95 53 68 71 64 69 75 11 46 72 60
44 93 5 70 74 26 32 24 91 50 2 62 27 61 84 47 8 49 56 81 19 35 34 12 54 10 40 37 89 15 58 73 22 38 86 78 67 51 14 88 92 97 36 94 7
34 42 29 3 66 68 64 11 63 57 52 16 9 60 30 90 21 76 53 17 18 6 72 41 1 99 48 71 83 13 85 4 33 39 69
42 21 18 66 64 52 63 29 42 1 76 31 39 57 48 4 25 90 60 33 69 100 65 71 16 46 96 13 79 45 53 44 30 77 3 75 99 23 11 83 9 85 6
39 15 7 87 54 81 84 20 5 22 32 19 51 92 97 12 59 14 80 86 98 47 73 94 50 36 55 58 27 49 40 10 2 43 34 61 8 26 28 38
44 13 82 69 48 68 64 39 53 46 21 33 57 31 65 72 3 60 76 100 77 9 95 18 42 1 41 4 44 6 71 23 79 16 63 29 11 45 85 66 25 17 30 99 83
44 89 15 87 10 84 28 32 24 54 97 88 40 74 81 27 56 92 38 7 36 8 78 43 5 51 67 94 55 49 37 61 50 70 86 20 2 12 34 26 14 35 58 80 22
38 46 9 69 30 99 57 85 45 83 44 1 13 31 68 52 66 100 21 16 77 53 72 25 90 65 29 48 76 82 18 11 95 63 23 17 3 79 42
42 26 12 78 35 92 50 38 28 74 98 7 37 2 93 20 58 32 59 97 88 61 51 54 14 49 27 94 34 62 70 67 43 56 55 73 86 84 10 91 36 15 22
38 66 4 33 69 21 45 23 95 63 13 79 1 75 76 100 29 71 6 65 52 77 9 18 57 64 48 72 90 46 44 11 83 39 96 85 30 41 42
39 11 71 100 85 46 53 68 17 1 30 44 69 45 63 79 31 25 6 18 41 29 57 33 96 99 9 21 82 90 64 3 60 83 77 23 72 13 42 4
38 88 7 19 37 87 47 10 38 84 43 74 61 93 27 2 58 20 24 12 55 97 81 5 40 14 98 8 32 35 78 73 89 80 92 28 49 86 70
42 56 19 38 74 24 55 10 70 40 5 51 59 47 15 32 34 73 26 20 81 62 37 35 22 67 89 2 93 78 98 7 88 49 58 87 8 97 54 86 91 28 12
37 92 54 50 81 43 59 47 56 12 89 19 51 36 93 49 97 61 84 62 74 22 80 28 37 40 7 15 67 58 38 20 91 8 24 55 86 34
37 6 72 71 66 76 21 48 45 57 9 68 95 13 96 17 1 3 85 79 4 75 46 64 90 69 11 52 25 83 63 44 99 29 39 33 30 23
37 100 66 82 75 17 29 33 18 85 77 6 11 64 1 39 23 83 57 44 48 41 25 13 65 71 79 60 42 45 68 76 69 72 16 46 99 95
47 94 15 26 70 91 51 24 34 80 12 93 32 8 7 40 98 67 59 88 56 5 74 35 50 20 54 86 14 81 61 89 78 2 47 58 92 22 37 28 97 27 73 10 84 87 38 49
36 75 17 99 21 30 52 60 16 11 29 1 31 83 57 4 96 63 68 79 65 41 95 100 42 18 46 53 69 3 9 45 23 82 6 64 33
39 62 10 28 84 88 55 58 54 19 37 5 98 51 97 74 14 26 15 78 34 93 38 70 91 67 43 24 2 87 40 86 80 89 8 7 20 73 56 27
39 85 60 29 4 72 76 52 79 25 53 11 99 95 21 83 1 69 77 90 31 65 45 63 6 57 75 16 18 3 96 82 48 42 66 33 71 13 41 17
38 19 56 88 10 27 97 62 78 15 12 36 2 24 84 34 73 86 38 7 51 67 50 74 70 81 55 47 94 80 5 28 26 89 93 59 43 98 92
42 41 82 1 63 69 66 52 53 95 39 68 65 17 76 3 75 21 16 79 100 42 44 4 60 77 9 23 33 64 48 13 99 6 71 85 31 57 72 30 25 90 83
34 3 39 100 25 99 82 23 45 95 57 83 4 6 52 29 31 21 79 76 16 9 75 77 69 63 17 33 11 65 30 1 44 48 42
40 45 11 16 6 44 66 60 65 90 82 96 53 18 71 52 1 100 23 79 57 77 29 17 63 42 76 64 99 68 25 9 75 83 41 39 85 33 95 4 46
43 47 92 5 32 14 34 98 59 19 87 51 84 10 86 35 54 62 70 8 50 89 2 36 93 28 61 55 27 97 88 20 58 24 81 40 22 80 67 73 7 49 91 94
45 37 78 58 94 98 43 81 93 84 55 8 20 59 62 51 24 92 80 74 32 70 56 91 26 73 35 5 14 28 15 54 88 7 19 22 50 49 38 12 40 67 97 87 34 2
42 2 50 88 36 81 89 97 43 7 93 92 20 80 84 19 28 94 37 49 8 10 24 91 70 56 54 86 34 78 62 27 22 73 58 47 59 51 61 74 32 15 14
38 83 29 99 68 39 45 52 100 95 6 71 33 48 57 46 42 69 18 53 11 76 13 21 1 41 4 82 63 31 77 90 85 79 72 44 3 17 16
40 55 89 40 35 47 54 91 12 2 14 84 27 19 7 10 56 74 43 37 24 62 36 34 88 49 26 51 58 38 61 32 8 5 98 59 86 15 67 97 78
40 71 65 23 6 16 63 46 17 41 60 77 66 82 76 53 4 57 95 79 29 33 99 18 25 39 1 72 31 13 9 75 100 68 52 30 64 69 85 96 21
38 45 77 95 52 71 25 44 57 85 21 90 42 76 46 16 11 53 100 48 64 65 72 9 96 31 82 79 1 39 66 63 83 41 6 29 75 17 60
39 4 48 85 83 39 9 72 90 21 65 76 16 1 79 99 57 33 6 64 45 30 29 71 11 77 95 96 31 66 41 17 75 23 69 52 3 25 42 46
41 29 48 69 39 95 4 96 9 41 90 53 17 3 83 65 66 30 1 31 44 79 77 85 16 72 71 60 57 52 45 63 99 25 6 64 23 82 100 42 68 18
35 69 30 52 11 21 45 63 18 83 53 64 57 76 72 23 66 13 96 31 16 100 17 90 48 60 3 25 9 6 1 46 44 99 82 71
42 73 80 81 12 86 15 2 22 32 89 92 8 91 74 7 49 84 59 35 55 61 58 93 94 50 34 67 47 87 54 24 43 78 40 88 98 70 37 28 10 27 5
40 4 48 52 31 18 30 64 72 16 63 57 96 75 82 65 23 71 53 68 41 33 42 79 25 17 45 100 85 9 76 13 39 66 44 1 90 29 69 83 11
46 55 91 93 62 84 32 73 7 61 56 67 10 37 43 74 80 94 36 47 40 19 5 22 51 2 78 89 81 97 86 35 26 38 92 28 70 87 27 8 88 98 20 12 54 14 58
40 80 97 61 78 5 12 35 36 19 86 28 38 49 74 89 55 87 34 37 93 81 84 2 88 98 59 73 8 27 94 7 24 62 92 10 50 47 40 70 15
38 96 11 77 44 17 1 60 75 99 65 33 9 76 69 42 82 64 72 48 45 21 63 16 30 95 13 90 46 68 100 53 85 31 4 6 41 23 52
42 86 84 43 14 27 49 93 80 74 36 89 15 12 59 78 20 40 2 97 19 62 55 50 88 98 22 7 56 5 10 92 61 94 91 67 47 34 81 32 35 70 28
42 47 50 49 51 40 67 54 81 14 56 94 38 28 7 24 62 37 97 73 87 12 19 98 84 86 55 36 59 27 78 26 93 22 58 91 43 89 2 92 34 74 80
41 84 70 38 24 7 49 86 54 97 51 91 28 93 61 73 56 15 34 35 81 26 22 58 37 5 32 19 36 67 89 12 94 62 2 80 88 55 87 20 59 40
37 9 13 77 82 85 39 96 16 83 6 4 44 25 31 71 68 21 57 63 42 48 66 29 64 18 69 65 41 100 99 95 30 60 79 33 76 90
43 32 43 61 62 5 93 37 22 51 73 14 34 94 55 47 80 67 36 81 10 40 91 74 78 70 20 89 88 97 12 38 26 35 24 50 84 15 92 58 87 8 27 2
35 69 39 72 52 100 44 75 48 68 33 9 31 53 45 16 64 76 18 4 63 29 65 77 23 96 85 42 79 6 17 95 83 30 21 46
38 21 65 63 33 44 85 52 1 60 17 90 66 95 13 79 48 3 46 76 68 11 18 83 75 96 31 82 4 39 69 77 6 99 25 9 30 53 41
42 30 42 96 60 65 1 77 66 83 3 68 48 4 52 57 21 33 13 31 72 16 69 79 99 100 9 17 18 39 95 23 76 45 44 71 46 53 41 90 85 29 75
41 92 49 8 37 15 70 12 86 24 43 84 28 80 93 97 35 98 91 81 89 56 10 94 22 50 26 36 40 67 58 2 51 32 34 47 62 88 5 59 19 74
44 92 98 73 61 84 59 22 36 19 32 20 38 87 80 81 70 86 51 12 2 47 26 94 7 43 93 58 40 67 49 10 35 50 14 97 55 88 56 62 37 34 27 78 5
34 44 46 53 79 42 11 82 85 83 60 48 99 33 9 1 64 68 21 23 100 95 77 17 71 41 13 30 16 57 63 72 69 6 75
38 31 41 23 9 64 71 48 16 63 68 72 46 52 6 85 96 57 3 17 83 77 82 65 79 45 95 42 44 30 11 99 75 90 13 1 60 76 100
38 39 63 65 31 23 41 66 46 48 33 44 45 4 77 83 25 100 69 9 95 42 17 60 1 96 64 18 85 6 82 21 68 57 16 11 75 76 29
39 70 34 22 67 78 88 19 98 56 62 47 8 28 36 73 35 92 32 12 10 84 26 24 40 51 94 7 81 2 80 38 86 89 91 37 97 61 93 43
39 60 29 64 39 17 75 33 82 53 41 65 71 69 30 18 45 46 13 23 9 99 72 57 11 63 68 48 52 44 21 25 42 66 4 96 31 6 1 79
41 95 42 66 60 31 71 41 100 72 16 30 44 11 63 45 96 52 9 21 57 65 75 23 25 64 1 79 6 33 13 68 82 90 83 29 17 53 4 39 46 18
43 81 20 98 92 14 54 56 2 40 37 32 94 80 74 8 7 78 61 51 35 62 12 59 70 36 49 84 58 19 91 26 73 67 15 93 34 47 10 24 5 28 22 89
40 63 25 82 3 11 18 69 76 64 41 42 13 39 21 4 30 95 60 52 77 79 75 16 72 99 57 48 68 66 46 100 23 65 85 53 9 83 6 44 96
39 83 48 44 71 53 6 72 63 79 21 68 17 76 96 25 13 4 60 64 31 33 69 90 11 30 95 9 46 1 52 16 66 85 39 82 18 41 77 65
44 34 98 55 7 47 78 35 2 43 19 36 62 58 61 89 94 92 93 49 86 38 5 32 56 80 54 20 37 81 50 91 70 88 10 15 59 28 51 67 8 40 27 14 97
41 56 38 93 36 98 10 8 55 73 2 43 40 59 86 67 88 80 62 81 78 12 20 27 47 19 92 15 26 32 70 49 89 51 7 14 87 5 94 84 34 97
42 19 47 43 36 73 20 74 84 14 34 8 38 54 40 59 5 67 93 88 27 80 10 97 22 37 86 94 12 28 92 56 51 55 98 70 49 35 87 62 78 89 24
45 89 24 86 59 38 56 74 70 81 93 58 98 49 91 92 15 5 67 88 12 47 20 27 37 87 19 62 35 34 26 22 2 97 7 50 8 51 36 14 80 40 78 43 73 54
33 65 48 64 16 17 72 71 13 52 45 30 11 23 69 42 68 41 3 90 96 4 76 99 1 77 100 31 39 60 25 9 21 29
35 5 27 47 7 19 62 89 8 56 20 94 97 35 2 37 26 86 34 49 74 28 50 55 84 80 67 12 22 40 59 78 73 36 32 81
43 93 56 49 43 59 20 27 38 86 28 12 80 2 50 40 81 47 8 7 61 74 62 19 5 35 91 70 58 84 34 92 24 32 26 98 87 55 73 51 78 89 97 14
37 18 53 85 72 76 90 46 39 21 60 17 96 79 6 64 82 33 100 71 68 29 1 99 9 66 16 13 3 77 65 42 4 30 25 23 44 75
38 40 36 7 70 38 74 35 37 58 27 34 73 50 89 91 59 43 78 93 5 81 2 22 98 49 19 51 80 97 24 28 86 67 47 87 55 92 8
42 89 40 5 24 93 47 94 80 88 56 34 8 54 67 43 2 73 91 26 27 32 37 92 78 87 86 98 10 62 81 15 58 74 19 38 84 61 7 70 55 22 35
42 100 39 18 21 3 33 66 31 29 68 25 46 64 99 77 30 90 75 60 65 16 4 52 42 79 1 44 13 41 83 71 96 69 82 76 6 17 57 72 11 9 53
40 9 75 42 41 52 65 13 29 46 6 45 99 21 100 96 69 82 83 95 30 64 1 18 39 31 76 3 60 72 16 66 90 11 77 85 44 4 33 17 23
42 56 93 37 78 81 36 19 67 34 59 10 26 74 70 62 2 94 32 86 50 5 27 54 7 24 28 55 40 87 49 8 22 14 73 43 80 88 97 92 84 91 35
39 59 70 92 19 80 54 2 22 74 87 24 51 36 58 86 14 93 62 38 81 89 15 40 67 10 7 94 47 27 35 88 8 5 43 97 91 34 78 37
38 73 74 62 97 20 19 27 49 2 98 54 61 8 36 15 80 67 88 14 92 84 40 47 38 34 22 59 28 94 70 86 32 7 12 58 81 93 50
42 65 48 75 64 31 69 16 82 71 79 46 45 33 23 1 25 18 57 95 42 6 66 72 83 11 96 77 30 53 29 63 9 4 39 68 3 21 90 44 76 85 52
42 89 55 22 36 15 37 49 26 20 54 91 74 32 70 61 43 94 28 14 40 84 24 59 51 80 58 12 62 78 35 2 38 93 10 47 19 5 56 87 8 81 92
38 69 42 83 64 79 71 3 46 29 1 13 82 66 48 53 75 63 68 65 11 17 16 95 33 77 44 76 45 57 90 96 85 23 100 99 21 30 9
38 9 41 39 44 53 69 33 31 23 16 11 17 65 71 60 85 30 18 57 66 100 77 4 29 13 99 63 79 83 95 6 52 25 21 68 76 96 45
44 26 73 89 62 43 58 51 87 93 2 59 22 50 81 94 15 36 49 19 12 38 8 47 70 80 28 88 35 24 27 84 7 5 92 61 14 91 98 37 78 10 97 20 56
43 50 40 89 59 12 81 88 91 84 94 43 87 38 35 15 36 86 32 49 73 74 98 37 2 7 28 8 47 20 93 24 19 14 26 51 70 54 5 56 34 55 22 92
35 16 100 64 63 48 85 4 30 46 57 41 21 66 95 77 71 96 75 11 42 60 13 68 44 3 23 25 53 29 52 18 69 99 9 76
44 94 24 59 32 67 74 10 84 19 51 14 38 98 28 47 86 91 35 54 81 88 34 55 50 40 73 22 7 61 97 37 78 80 27 26 2 87 93 70 43 20 92 49 56
39 75 69 41 21 25 83 52 60 44 13 9 100 68 76 77 99 29 71 96 95 33 72 23 53 85 45 30 31 18 66 4 16 1 46 3 63 65 39 6
36 18 71 25 16 100 52 99 1 77 65 85 3 75 41 90 33 4 96 44 53 30 17 23 76 66 45 95 63 42 60 46 29 13 82 9 83
36 85 76 63 68 64 79 69 96 41 66 71 72 16 33 52 1 25 100 6 30 99 39 75 29 77 23 60 48 3 21 83 18 17 90 45 82
38 45 11 72 21 75 71 42 99 46 4 31 9 52 64 95 30 3 68 90 33 44 83 65 13 96 6 1 85 63 18 82 17 76 29 69 25 48 77
37 40 55 15 34 54 50 87 8 93 67 89 56 49 74 35 80 61 36 84 14 73 19 28 58 2 26 10 22 59 20 12 32 88 92 38 94 91
40 96 29 60 99 31 83 79 82 90 4 76 48 25 77 11 66 41 69 53 18 100 95 45 63 52 21 9 23 46 33 68 42 3 44 17 65 30 16 39 13
41 57 13 1 9 76 31 4 29 65 71 77 39 33 46 48 16 66 18 79 60 96 25 45 83 72 11 30 90 21 69 52 64 44 3 82 85 75 41 42 63 23
39 82 29 100 42 90 72 64 16 18 31 85 6 9 57 52 23 25 66 21 79 30 46 53 68 41 3 60 65 4 95 13 63 39 17 1 69 33 77 11
40 83 6 44 66 100 48 64 65 16 99 82 1 90 9 71 60 33 25 72 17 57 39 85 30 13 45 31 42 76 52 63 29 96 4 77 11 21 41 23 53
43 24 54 56 10 28 58 98 67 80 12 51 49 32 43 74 61 50 89 62 55 78 27 36 97 35 40 94 37 15 34 93 8 47 38 14 92 7 70 91 59 22 2 86
39 88 80 55 49 19 81 5 92 20 24 73 15 35 38 8 84 34 28 93 98 87 89 26 36 78 32 61 62 10 94 67 51 54 74 91 86 50 58 70
38 42 13 31 68 33 25 30 45 100 53 21 95 63 76 77 79 11 23 75 66 69 99 29 48 72 46 4 57 6 17 39 65 18 52 85 3 71 82
37 100 71 83 41 3 60 64 33 57 66 44 53 42 46 25 85 90 11 30 99 82 21 69 79 72 96 52 76 31 23 65 39 13 63 18 4 77
41 40 20 19 47 49 91 88 84 67 22 98 10 59 78 26 5 74 37 62 36 87 50 28 32 12 86 2 80 27 14 97 56 55 89 51 92 93 58 34 7 8
43 73 89 40 55 58 14 59 35 56 22 61 98 43 19 34 67 51 80 7 49 38 50 93 27 15 97 26 54 2 62 10 87 84 36 32 81 94 86 47 12 20 92 5
