100 59 100
41 93 11 66 44 35 71 4 63 60 95 24 40 45 61 87 33 43 83 89 3 99 32 34 10 70 2 94 19 65 6 59 80 26 96 15 57 47 16 97 38 82
41 62 72 1 21 98 18 75 42 5 67 86 100 58 9 7 55 91 53 23 76 22 48 30 56 39 52 92 28 29 46 14 64 51 12 54 90 41 68 81 69 31
37 39 91 75 58 86 100 1 18 55 74 27 53 50 42 69 5 76 92 21 28 29 31 56 7 48 62 46 12 79 81 90 17 54 72 67 77 14
36 27 22 51 12 18 91 5 54 77 76 67 41 1 62 17 42 92 72 90 9 28 39 81 48 53 55 23 14 74 30 29 7 46 98 75 68
42 82 78 2 10 43 38 59 95 63 70 97 3 26 88 73 61 93 89 49 94 66 6 87 34 24 4 84 57 47 16 45 36 35 80 40 65 71 8 60 13 15 44
33 41 74 1 53 39 98 92 28 29 52 31 37 42 79 27 64 50 90 23 62 5 76 7 9 81 22 48 46 100 18 67 51 17
47 19 94 97 47 82 96 84 36 59 88 44 26 3 95 70 93 87 2 60 85 49 13 33 45 11 24 66 99 16 78 43 40 8 10 35 57 61 25 32 15 38 63 4 80 73 6 89
43 53 17 46 27 67 100 48 21 1 54 12 79 90 14 58 51 68 64 69 81 92 7 91 98 31 41 28 76 18 23 37 5 29 77 55 42 74 50 56 9 75 22 30
40 20 57 82 94 96 15 25 83 24 32 4 65 93 44 33 47 78 95 3 99 43 59 10 88 66 6 34 11 85 45 16 8 80 40 61 26 71 38 19 84
40 28 31 18 42 7 75 12 68 37 46 74 1 98 41 67 86 56 55 100 27 64 62 48 77 92 52 58 53 23 50 39 51 5 29 54 9 22 90 69 81
31 76 62 5 17 56 22 31 64 72 41 79 75 48 28 98 42 50 90 68 7 55 12 53 100 14 92 69 9 52 46 54
43 78 25 96 99 80 57 10 26 45 84 16 20 19 38 94 88 73 34 33 71 65 47 35 3 44 95 32 97 36 4 49 15 63 60 6 13 43 8 40 2 11 93 85
44 27 23 62 77 55 30 92 64 17 69 51 12 52 98 91 68 72 18 74 9 42 37 28 53 67 58 22 100 7 1 46 41 31 79 21 56 86 5 81 14 48 39 90 54
36 89 83 82 94 71 25 45 24 36 49 19 4 99 96 93 97 10 8 38 11 26 80 43 63 47 33 78 66 61 87 59 95 15 16 60 35
41 75 5 77 56 23 64 55 22 76 37 18 72 41 12 52 1 30 53 51 9 100 28 46 62 27 74 91 31 29 7 50 54 58 39 48 81 17 67 79 42 90
40 56 98 46 64 23 12 31 50 27 9 5 48 72 14 68 30 29 21 76 1 79 86 17 91 18 7 51 90 54 81 52 58 53 55 28 41 69 62 22 37
43 36 66 97 61 78 26 71 89 8 63 85 24 80 43 15 93 95 10 99 19 65 25 34 57 20 73 13 87 47 33 84 70 88 2 16 38 44 82 35 45 3 83 59
40 38 82 13 4 66 20 70 34 6 83 99 35 65 73 95 32 19 11 87 96 61 78 57 40 71 25 16 3 10 88 49 47 45 43 89 85 84 44 60 33
44 79 29 46 48 77 75 17 54 18 52 90 14 51 86 9 27 12 31 23 72 5 69 55 1 50 76 68 37 98 42 74 67 7 56 41 21 100 81 39 91 22 28 53 62
35 9 1 39 30 72 18 7 23 21 5 62 76 12 56 31 74 53 58 27 86 90 79 17 37 67 28 100 64 54 75 22 68 77 81 91
40 70 3 57 99 60 2 82 95 97 71 16 19 45 13 34 93 59 11 20 4 40 38 96 87 84 32 89 49 26 63 10 94 65 6 66 47 83 61 36 8
40 99 70 47 94 33 66 88 13 3 61 63 25 24 89 95 40 80 73 65 26 44 87 36 2 34 85 71 84 38 59 93 97 11 16 57 19 60 8 45 78
41 13 82 11 80 70 73 89 20 49 63 3 59 83 44 8 16 24 4 96 32 97 61 34 38 2 99 57 84 85 19 26 15 25 6 40 95 10 33 65 78 66
41 23 12 50 41 58 77 37 9 42 17 72 86 18 52 91 92 81 55 100 1 54 29 68 79 7 31 21 53 98 67 22 39 75 62 51 30 27 46 28 90 56
45 56 79 39 14 91 81 77 1 21 50 86 100 5 55 41 67 9 52 58 62 23 12 51 27 17 69 29 54 37 42 92 22 90 98 18 64 76 74 7 72 46 53 30 75 28
40 30 74 29 12 52 69 37 86 90 46 28 23 48 100 53 75 41 77 27 18 72 50 76 51 58 42 9 81 55 22 68 54 92 67 79 39 56 98 62 21
44 80 60 16 65 40 49 2 95 19 34 45 63 8 15 73 3 71 99 84 97 96 13 89 87 93 25 10 36 88 82 59 11 38 66 47 6 24 26 70 4 57 61 94 20
40 63 73 57 96 93 32 44 78 95 13 33 38 19 15 8 10 88 4 35 59 6 34 24 97 49 99 83 45 89 85 3 47 20 80 87 82 70 11 61 25
39 94 33 4 45 10 49 40 60 36 32 95 71 93 16 66 73 2 82 13 78 3 11 88 19 80 84 61 44 35 97 99 89 26 6 83 38 87 65 96
46 6 95 97 61 19 36 80 34 99 85 96 4 35 43 83 8 66 13 88 32 2 3 11 38 65 25 89 60 20 71 82 94 59 63 33 47 24 78 87 93 73 45 70 26 44 84
40 4 6 25 34 33 65 61 83 87 35 19 38 66 57 80 36 2 49 16 20 89 15 24 59 40 11 97 95 63 84 82 13 94 78 70 44 60 43 3 45
39 51 77 55 37 5 39 18 41 27 79 56 9 54 28 48 62 1 100 30 22 91 12 29 23 98 50 74 21 69 76 68 92 86 46 81 75 52 90 42
43 58 90 68 1 51 14 91 27 21 76 30 12 67 7 98 56 79 50 74 72 52 31 62 48 39 75 54 86 46 42 18 100 37 64 77 41 29 22 55 81 92 53 5
35 77 41 51 9 14 92 21 62 39 50 100 55 86 64 28 74 5 42 90 37 68 52 12 7 58 67 98 17 48 1 29 76 22 18 46
37 53 39 100 52 12 41 54 29 27 55 18 48 9 77 64 23 76 91 30 75 28 79 46 58 1 68 22 67 69 17 42 37 51 86 74 50 7
39 68 91 90 23 79 81 22 27 41 48 39 17 58 86 72 56 62 28 18 5 67 7 1 92 53 69 77 54 52 74 14 29 31 51 42 75 12 9 50
40 65 89 26 38 66 63 16 6 34 57 15 11 94 19 83 33 61 2 32 40 44 3 70 93 80 84 13 96 85 36 20 99 78 97 95 8 60 45 43 35
37 76 41 50 58 62 91 14 30 51 22 18 56 21 81 77 54 17 72 5 39 67 7 37 46 79 92 53 64 74 52 23 31 28 55 90 75 48
44 38 65 73 4 20 59 8 99 96 83 70 2 80 93 95 16 45 82 34 60 78 94 88 24 44 63 32 89 71 85 19 15 35 36 49 47 26 25 6 61 13 43 11 57
38 51 7 41 100 81 30 18 86 75 50 58 98 92 69 9 48 62 21 12 14 28 29 76 72 39 53 37 46 68 5 54 42 74 67 90 22 31 17
42 4 78 32 65 25 61 95 96 87 43 66 99 84 11 93 45 88 15 59 38 85 16 33 83 44 19 24 82 71 35 63 57 8 36 60 73 97 20 3 94 80 10
42 36 26 25 66 59 61 83 24 57 34 11 87 20 32 40 70 47 96 94 38 10 99 44 4 97 16 35 63 73 88 13 65 3 60 84 6 45 82 78 43 85 89
39 5 77 58 31 9 41 68 74 50 72 53 100 55 75 91 1 7 12 14 51 30 81 62 23 69 67 98 79 48 21 27 52 37 29 92 90 86 28 39
31 86 69 37 55 5 100 77 81 90 1 27 58 41 52 67 51 92 75 42 14 50 72 68 30 53 98 54 12 21 56 79
40 50 53 68 17 52 90 41 12 48 29 91 92 46 75 64 58 42 76 67 51 14 54 86 37 77 7 21 69 27 5 18 55 39 79 30 81 9 72 100 98
43 95 33 85 43 19 65 24 94 35 3 93 66 36 61 99 63 10 89 59 34 80 78 38 96 2 13 84 32 47 26 20 49 16 88 40 73 44 97 70 11 6 83 25
43 22 21 28 37 46 76 86 72 51 92 100 74 90 30 9 41 7 18 81 58 54 42 29 79 67 68 31 55 75 39 77 23 62 50 14 91 64 5 12 17 27 1 69
42 33 24 66 16 3 59 95 78 44 32 82 45 60 83 26 49 84 93 4 65 71 43 57 20 34 40 61 70 73 99 96 85 19 88 6 38 8 94 11 10 87 13
40 56 7 69 75 30 74 55 68 41 62 77 27 86 48 28 54 17 42 14 1 39 51 12 37 53 92 5 46 67 79 29 58 64 90 22 9 100 81 98 23
42 63 60 99 66 87 47 25 80 89 4 38 40 3 20 44 16 94 36 6 82 49 65 83 32 97 93 73 85 19 78 26 84 15 45 8 59 96 34 71 33 35 43
40 19 71 89 10 6 16 65 20 57 24 3 96 34 45 25 38 36 26 8 80 32 47 35 33 84 60 78 61 87 88 49 43 99 44 83 11 97 13 82 63
43 20 44 25 4 32 84 71 66 36 83 16 3 45 97 63 61 6 88 95 89 94 40 11 87 10 96 65 57 43 2 24 49 19 35 78 99 15 8 34 33 82 47 26
41 20 85 16 45 94 49 19 25 71 95 61 66 57 60 40 10 63 24 87 89 35 43 11 73 80 3 99 84 93 13 83 78 70 2 26 59 33 97 4 47 36
38 49 61 59 73 25 2 38 20 57 35 99 88 82 4 47 24 33 95 97 32 6 87 11 85 71 40 43 89 94 93 96 36 13 26 65 70 83 60
42 96 16 43 33 82 70 19 94 66 20 38 45 97 57 49 78 99 34 83 60 89 4 6 26 73 63 87 3 13 11 59 36 2 71 25 8 61 47 85 10 88 93
42 82 66 34 84 16 26 99 60 19 57 65 6 49 70 93 38 35 40 13 15 59 96 47 11 4 78 85 45 87 89 73 71 80 94 97 63 2 3 88 25 44 33
40 68 90 28 92 12 91 9 98 14 72 81 86 75 77 74 76 42 55 27 52 62 79 50 5 1 39 58 69 56 41 37 18 31 67 54 23 29 46 64 53
40 34 63 85 60 47 43 20 11 70 65 94 6 8 10 97 2 89 87 66 88 33 19 49 59 40 35 99 38 57 82 26 45 78 83 4 71 16 3 73 95
36 14 62 64 9 42 100 54 79 50 5 58 27 69 51 7 52 56 18 29 72 86 41 1 77 37 76 98 53 28 75 17 48 31 90 81 21
43 90 29 91 76 28 64 79 75 54 74 31 68 81 62 58 22 72 69 42 7 56 17 100 23 12 39 5 21 37 41 9 48 67 51 52 77 55 18 50 14 27 30 92
41 76 58 100 52 90 53 69 64 23 68 62 29 31 67 54 7 39 74 55 27 18 48 21 12 72 14 86 37 50 79 92 75 98 22 1 77 42 56 81 9 28
43 88 45 82 13 32 87 57 43 36 6 44 96 11 93 8 3 40 66 97 95 38 63 25 70 73 20 4 16 71 89 78 19 94 80 83 24 85 15 59 84 61 33 47
31 67 75 23 7 39 54 50 1 64 58 14 51 18 62 53 76 55 12 31 21 86 48 100 28 52 29 41 91 79 30 81
46 20 94 84 82 49 15 13 59 65 36 40 73 3 80 34 95 10 88 19 32 4 24 38 43 26 87 99 85 44 83 16 89 47 35 25 8 96 11 33 57 2 60 61 45 97 70
39 58 72 67 12 27 75 77 92 7 86 9 51 1 64 55 28 81 14 23 17 76 53 21 69 42 74 90 22 29 5 54 98 30 62 39 79 52 31 37
37 52 46 31 39 51 22 62 77 76 90 48 1 17 72 28 69 53 58 5 56 86 14 7 27 75 55 98 23 68 92 74 91 42 41 30 81 18
40 43 4 10 87 24 47 73 8 63 13 85 94 26 99 82 20 49 25 93 66 95 35 61 15 57 96 32 34 2 78 89 88 36 6 38 60 59 44 40 33
43 16 47 99 87 61 40 49 71 6 33 70 88 83 8 89 60 82 19 26 10 73 57 32 43 84 34 80 66 97 85 24 63 59 94 36 20 93 44 25 96 4 78 65
35 71 99 89 20 25 34 59 19 33 82 26 87 49 60 4 11 96 24 38 45 94 16 80 61 70 83 63 10 84 15 32 95 88 57 40
40 52 79 68 37 17 27 51 48 42 29 5 53 72 62 91 100 50 77 69 1 64 39 22 23 90 67 74 98 12 58 75 86 56 30 76 28 21 81 9 54
41 22 9 90 58 28 37 77 55 18 21 12 5 14 42 98 92 7 91 79 31 81 41 29 62 68 76 48 74 52 23 56 17 72 69 53 46 54 1 39 30 86
41 16 80 38 47 33 15 6 93 49 11 43 84 40 70 35 88 85 25 95 13 82 24 71 83 57 34 2 87 60 8 20 96 3 4 97 94 78 66 45 61 65
42 64 27 37 14 77 98 52 81 62 68 54 28 92 74 7 29 58 22 18 86 67 91 76 50 90 53 75 39 51 69 1 17 12 56 46 100 41 5 30 48 31 9
46 70 80 36 45 35 59 97 34 87 65 13 2 71 8 49 40 15 38 94 66 11 82 95 10 47 61 26 99 96 33 25 43 19 84 83 60 24 93 85 44 6 57 16 73 3 20
42 84 85 70 60 11 8 66 82 38 73 19 65 89 63 3 10 36 33 78 45 35 40 25 13 83 61 71 34 97 95 99 2 6 87 4 59 32 47 88 26 16 20
40 16 38 87 57 19 65 94 15 2 45 78 95 33 99 8 83 88 70 24 66 36 35 80 47 82 59 61 25 85 93 96 71 60 3 63 73 34 20 11 49
39 8 33 63 16 15 20 61 11 96 99 4 44 83 6 71 10 80 25 78 88 43 35 60 36 40 57 82 3 32 93 84 24 13 2 66 87 19 59 47
38 46 68 55 37 22 72 62 14 81 28 7 69 52 79 76 50 92 98 48 41 77 5 56 51 100 9 12 23 31 42 1 17 18 27 53 58 90 91
46 19 3 24 36 8 15 70 10 84 96 6 11 26 61 34 25 66 93 88 33 94 95 38 63 97 16 71 59 49 40 87 82 78 43 35 4 20 99 83 73 89 57 32 85 60 47
36 55 92 7 58 27 91 52 62 81 28 53 75 98 50 90 100 23 54 79 22 9 72 29 39 5 56 46 18 31 74 17 37 69 67 86 30
40 4 88 80 97 10 3 32 99 36 45 57 13 84 15 65 40 35 66 20 47 8 73 63 16 70 95 60 85 43 61 25 87 19 11 26 93 24 96 44 49
37 51 68 46 72 55 30 64 31 58 41 91 22 27 28 79 42 12 5 98 67 29 74 18 62 14 52 37 23 76 75 7 56 21 69 50 81 17
37 14 75 53 28 77 74 1 56 55 41 18 79 52 90 27 48 22 81 92 50 42 31 46 98 91 5 21 69 39 76 30 51 68 100 12 86 72
40 50 29 22 76 27 62 7 21 91 52 30 39 5 100 23 81 31 53 1 56 28 9 58 42 17 79 51 55 92 77 12 37 72 64 14 75 54 90 86 48
41 28 31 72 67 79 39 48 14 76 81 51 92 12 90 74 29 17 30 42 46 50 69 21 27 9 100 53 68 91 62 64 23 77 56 54 86 55 5 1 37 98
43 26 87 96 70 45 36 84 35 95 60 24 59 71 80 47 88 4 44 82 16 65 8 3 6 57 94 38 34 63 15 43 89 10 20 73 99 93 61 25 49 19 13 40
42 23 98 31 69 9 22 75 14 54 81 1 68 76 90 12 28 67 17 50 30 74 41 21 51 42 86 58 72 5 79 39 77 37 100 46 91 53 18 27 29 52 92
41 5 91 67 54 39 72 58 76 12 69 46 50 86 53 7 68 52 74 27 64 21 90 55 92 22 28 48 98 56 51 37 18 9 17 41 81 62 31 75 14 100
42 64 52 90 23 18 22 41 74 86 79 72 12 77 69 92 17 28 27 39 37 67 68 100 54 51 98 7 55 5 9 75 81 31 53 46 1 50 58 21 91 56 30
44 49 15 83 25 59 82 34 65 66 87 89 80 13 20 19 36 6 96 85 38 11 40 45 44 97 8 63 61 47 73 71 33 78 16 94 35 70 88 10 24 4 84 3 57
43 19 13 96 93 3 34 95 59 25 40 45 87 26 99 71 16 89 65 10 38 80 20 4 8 66 43 61 24 44 85 47 88 94 6 57 15 60 83 2 36 73 78 84
44 3 71 99 85 40 2 84 94 8 13 20 88 59 47 60 44 83 35 34 33 26 45 73 32 78 80 66 87 63 96 19 49 15 89 11 61 16 57 24 93 82 36 6 97
38 74 55 48 18 22 91 30 53 92 67 68 1 56 62 21 41 46 28 12 31 9 90 14 64 5 72 50 58 42 37 17 77 79 52 23 86 51 29
36 31 48 67 46 1 100 81 12 30 22 52 17 62 79 53 56 64 92 55 18 37 14 21 90 27 41 50 69 9 7 86 75 39 58 29 68
44 58 22 7 74 46 51 91 72 76 90 68 79 29 77 9 75 48 39 27 64 12 17 98 86 56 55 21 5 52 92 62 67 1 69 42 30 14 28 50 37 100 31 81 53
33 62 46 9 30 31 5 23 54 67 52 12 90 42 72 69 28 68 53 51 58 98 74 91 27 39 75 100 77 37 22 56 76 1
39 100 98 21 28 9 75 22 77 62 50 37 72 48 29 56 67 46 41 51 74 86 52 91 42 7 53 14 81 54 17 18 23 12 27 64 68 39 69 58
42 63 93 26 40 66 97 70 65 25 99 61 44 33 83 96 2 24 45 95 38 73 60 47 15 94 36 88 84 32 89 6 4 10 43 49 11 16 3 59 78 80 82
38 64 62 50 41 52 9 23 76 92 22 12 18 14 46 54 51 72 37 17 7 21 91 68 1 5 77 30 28 81 67 39 55 27 100 29 42 56 75
47 19 24 89 73 78 49 43 26 63 65 36 33 71 3 38 59 15 40 4 70 88 10 97 80 20 57 66 96 83 84 13 94 93 11 99 85 16 95 45 44 8 34 87 2 25 35 60
