100 76 100
10 95 41 64 36 42 84 58 91 2 53
14 43 93 80 7 89 97 73 39 32 68 3 57 8 23
13 34 38 20 25 83 29 19 10 69 4 81 50 60
14 66 51 49 5 77 75 56 70 13 54 79 14 59 94
17 52 98 37 27 65 61 45 78 96 44 85 9 86 21 11 28 67
11 99 92 87 82 47 46 12 17 26 1 33
13 10 50 35 81 60 20 16 29 4 83 25 69 19
15 69 25 38 81 20 62 50 83 34 15 4 35 60 29 76
13 90 1 74 33 17 99 31 12 40 71 100 92 82
12 56 51 49 5 79 18 94 54 14 59 70 77
14 87 90 100 99 31 1 92 47 33 74 71 17 26 46
10 41 53 42 30 24 95 91 36 64 84
13 37 44 27 65 48 6 45 11 67 61 78 52 9
17 27 6 37 86 52 22 45 78 44 85 48 96 65 61 9 67 98
11 49 54 51 18 75 13 94 14 77 79 70
16 49 56 70 14 75 51 5 88 13 18 66 54 79 77 94 59
10 58 64 42 24 36 84 95 2 91 41
16 67 11 86 21 28 27 98 96 44 85 22 6 65 37 61 9
12 59 94 13 5 18 54 14 70 88 49 79 77
13 56 54 51 5 79 70 77 94 75 49 59 18 88
13 17 33 26 100 1 99 31 82 71 40 87 47 12
13 17 33 47 26 92 71 100 31 90 1 82 87 40
14 60 25 20 83 4 34 16 15 19 50 69 29 35 76
14 80 68 72 32 39 8 97 43 23 55 7 89 73 57
11 88 77 79 14 49 18 94 66 13 75 56
11 41 24 53 91 64 63 58 95 84 2 30
12 87 82 71 17 74 1 31 46 99 47 100 90
14 99 26 12 92 46 90 100 82 17 31 47 87 1 40
11 49 77 14 70 75 13 18 56 59 51 79
12 57 73 39 23 93 3 68 97 43 89 80 7
12 36 42 2 64 53 63 95 84 30 24 58 41
16 16 15 38 25 19 50 4 20 62 83 29 10 76 35 81 69
10 2 24 95 63 36 84 58 42 41 64
13 77 14 79 5 59 18 88 54 49 70 94 51 75
13 49 66 54 88 94 56 59 75 18 5 51 70 13
12 8 68 73 32 23 93 97 39 55 7 57 72
12 33 46 92 1 87 40 99 100 31 90 26 17
16 13 5 94 70 59 14 77 88 79 75 18 54 51 66 56 49
11 62 4 15 16 19 83 29 76 25 60 81
9 95 84 58 30 64 63 2 91 41
16 68 8 7 97 32 43 3 93 73 39 55 57 72 23 89 80
15 73 93 7 80 89 57 55 32 68 97 23 43 72 3 8
16 15 29 25 19 38 4 10 60 34 62 16 50 83 81 20 35
12 99 100 46 82 12 26 31 92 40 90 33 74
15 1 17 26 31 47 40 12 100 99 82 46 33 92 90 71
10 42 53 58 95 36 30 2 64 91 24
10 53 24 63 2 58 64 95 36 91 41
16 100 99 92 47 87 90 82 71 46 33 1 17 26 31 74 40
16 52 98 9 37 11 65 48 27 61 28 21 45 44 85 67 96
11 94 77 75 13 14 59 51 70 5 66 18
18 96 86 98 9 44 28 37 27 21 11 48 52 67 78 85 22 65 61
14 17 90 12 33 47 46 26 31 92 99 87 40 74 82
10 8 72 68 57 97 93 43 80 23 7
18 52 86 44 96 45 48 21 85 37 9 27 11 65 61 6 78 67 98
16 25 60 50 38 19 10 76 62 35 83 29 4 16 34 20 81
17 86 22 6 9 11 65 67 52 78 44 21 45 85 48 61 27 37
14 4 35 50 29 69 10 62 16 38 60 81 19 76 25
15 43 93 32 89 68 7 55 39 72 8 23 57 73 97 80
17 9 21 67 37 45 27 11 28 96 44 85 48 52 86 65 22 78
14 18 14 66 13 49 70 59 54 77 51 56 94 75 5
13 17 12 1 100 92 74 99 26 87 31 82 33 71
13 49 59 18 77 79 13 88 75 70 14 66 56 94
13 39 8 7 89 72 3 97 68 55 32 43 73 80
12 57 43 72 32 97 80 93 39 8 7 23 3
15 1 92 12 87 17 99 82 46 47 33 100 71 31 74 40
18 65 9 52 67 48 85 78 28 37 45 11 22 27 6 86 44 96 61
13 26 71 46 87 99 1 12 40 100 17 82 33 90
13 50 38 83 19 15 69 34 16 62 60 81 25 76
13 66 18 54 70 94 79 88 14 13 49 51 77 5
16 44 85 27 67 22 65 98 96 52 45 48 61 37 28 21 86
11 36 2 30 91 63 64 58 95 84 41 42
17 38 60 35 69 19 29 25 34 76 10 20 83 4 81 15 16 50
15 81 69 50 25 15 62 10 20 35 38 34 76 16 83 4
9 91 84 30 53 42 58 36 64 2
19 86 45 65 98 6 48 11 44 37 67 22 27 28 61 52 9 85 21 78
13 66 49 56 59 14 54 5 75 13 51 88 70 77
16 52 78 96 6 61 28 27 85 98 9 21 37 67 44 65 45
15 100 92 31 87 90 33 12 17 99 26 47 82 46 74 1
19 48 61 44 37 9 45 86 67 11 85 22 6 52 21 78 65 28 96 98
16 34 35 15 60 76 29 10 38 81 20 62 69 16 4 19 83
13 14 13 56 70 59 79 94 77 18 51 88 54 75
12 58 30 41 24 91 42 64 84 53 36 95 2
12 18 56 75 70 51 14 94 77 79 66 13 59
15 23 3 73 39 7 93 72 89 55 57 8 32 43 97 80
17 87 71 17 74 40 12 92 47 26 1 90 33 99 46 100 82 31
14 90 1 40 74 46 47 71 17 99 26 12 100 31 33
11 36 2 58 42 63 24 91 53 95 41 64
15 85 65 37 21 98 78 96 11 28 6 9 44 22 86 67
10 15 60 10 35 20 83 19 62 69 50
10 42 95 30 91 41 36 2 64 53 63
12 23 8 39 7 55 3 72 80 68 57 32 89
10 63 42 64 24 53 41 2 30 91 84
12 83 34 50 69 16 35 4 76 81 29 19 20
15 9 27 61 78 85 21 44 45 86 98 37 96 6 28 52
15 80 39 97 32 3 68 23 43 7 93 55 57 89 73 72
14 40 26 74 47 90 92 87 31 17 33 46 99 100 82
13 10 83 62 76 35 20 34 16 19 50 4 29 15
12 31 87 100 12 99 26 74 1 82 47 92 46
12 63 36 64 2 58 42 53 30 41 84 24 95
10 64 2 42 36 24 63 30 58 91 41
