100 54 100
18 75 12 74 2 15 84 97 95 66 49 36 76 31 68 58 35 27 7
27 32 17 6 19 38 40 80 93 61 29 67 69 18 53 83 62 92 11 52 77 46 55 99 22 82 3 5
36 65 79 33 16 60 45 8 51 72 23 89 96 13 48 10 91 4 57 14 42 78 20 100 86 56 81 26 73 41 50 34 63 88 24 90 1
20 58 30 35 59 84 28 27 95 68 31 66 64 76 36 9 15 12 49 97 37
30 24 79 4 41 47 23 50 39 100 98 85 10 1 91 54 56 57 20 16 72 8 51 90 13 14 78 87 26 63 89
33 39 16 4 24 41 51 8 34 72 48 1 60 98 20 86 26 63 85 91 42 33 100 14 54 89 87 96 56 78 57 90 50 81
28 3 69 38 62 52 17 19 40 70 18 43 5 25 92 44 22 93 71 77 55 99 83 53 46 29 32 94 67
18 66 59 64 75 68 31 84 58 2 7 30 36 9 28 35 97 12 49
25 19 5 32 21 11 69 70 17 3 46 67 55 93 40 38 62 99 29 77 53 94 18 43 83 6
19 9 7 59 15 97 37 66 2 28 12 74 76 58 31 84 49 35 95 27
29 42 20 14 48 86 65 60 51 88 24 72 26 50 87 10 56 90 8 79 45 39 91 89 4 73 81 41 16 54
27 5 77 29 69 3 52 71 46 67 21 43 55 80 17 38 94 22 70 32 62 11 40 25 44 19 83 93
20 59 74 2 64 68 97 84 28 66 36 49 75 35 95 9 15 58 30 7 37
19 36 27 95 59 84 58 7 68 31 30 35 74 28 49 97 9 2 76 15
27 19 92 70 94 62 53 29 38 71 17 46 21 99 44 67 82 80 11 83 77 93 22 32 3 25 5 61
21 84 2 58 75 59 97 68 12 76 37 95 7 35 30 74 66 64 9 49 27 28
36 79 72 87 26 89 90 78 48 85 33 56 41 4 8 88 63 96 42 23 98 50 51 65 86 39 81 24 16 10 60 20 100 47 34 13 57
32 14 1 33 39 86 42 81 73 72 47 10 60 89 96 4 20 13 88 63 8 50 48 41 34 56 85 90 91 65 16 51 78
29 34 47 45 24 48 73 98 42 56 10 88 20 39 26 14 63 13 96 4 16 87 54 78 85 86 100 72 60 51
20 28 66 35 64 95 9 74 12 76 49 97 2 84 68 36 31 59 58 75 27
36 65 20 90 4 56 41 100 47 91 45 81 98 16 79 86 60 1 42 51 33 23 34 14 50 96 39 85 72 57 26 78 87 73 63 89 48
34 41 34 57 8 26 72 65 48 1 45 87 4 60 50 10 88 79 89 78 90 51 96 13 91 85 20 39 86 56 47 14 54 16 23
18 58 9 37 97 75 68 35 7 31 49 30 64 27 66 84 76 59 95
21 36 58 37 84 12 76 74 66 30 2 49 7 59 31 75 35 9 95 28 97 27
37 39 13 85 23 51 96 98 63 57 10 4 50 48 72 14 16 20 56 41 86 87 73 79 26 54 45 60 34 8 90 100 88 33 81 91 1 42
18 49 28 2 35 84 36 31 27 76 15 30 64 68 75 12 7 97 66
19 82 44 5 38 52 19 99 69 93 92 18 17 22 94 53 61 29 77 6
23 92 69 99 67 17 70 22 61 43 77 5 11 55 44 19 18 62 32 71 29 40 6 52
33 96 10 33 16 73 81 90 24 4 89 45 63 65 41 23 56 87 85 26 91 20 88 1 8 79 60 13 47 57 86 100 78 98
32 61 17 52 46 70 32 69 71 40 77 21 53 82 67 80 43 99 5 94 29 11 44 93 6 38 22 25 83 55 18 3 62
31 43 92 38 6 67 17 55 80 44 11 71 21 94 69 62 29 22 5 52 83 93 32 46 40 18 82 99 70 25 77 61
34 10 88 54 16 48 87 1 79 98 81 20 8 41 42 47 89 65 14 4 63 24 73 34 33 72 60 78 51 13 86 23 85 90 26
19 7 35 2 66 76 27 30 95 28 49 75 74 31 84 97 12 36 68 58
21 15 37 59 31 58 28 7 97 9 30 64 27 74 68 75 95 49 36 12 35 66
27 40 17 46 38 3 93 53 94 62 6 19 61 44 52 71 92 21 70 83 29 43 11 18 99 5 77 82
26 52 22 43 67 82 44 83 92 19 40 61 69 46 99 3 77 70 94 55 38 21 6 29 32 18 62
23 6 22 61 99 62 82 83 93 11 44 55 3 46 17 71 69 5 25 32 77 38 94 70
30 48 54 88 65 60 50 90 20 47 81 87 45 86 42 63 85 4 1 8 72 56 79 91 26 39 23 10 100 57 14
19 7 76 74 95 68 27 37 2 49 31 84 36 30 97 9 58 75 64 12
25 88 39 33 73 96 1 26 100 87 45 41 85 51 89 14 56 24 54 8 63 86 72 47 57 42
20 66 49 59 7 68 84 12 64 37 30 36 2 58 31 95 15 35 27 74 28
21 28 58 66 84 59 36 31 49 75 27 74 7 2 30 95 12 35 9 76 97 15
36 23 39 100 26 90 34 56 47 65 41 16 33 14 24 1 60 87 50 45 85 78 48 98 89 73 63 91 72 54 81 42 96 4 13 20 8
30 14 4 39 85 60 72 34 56 81 33 73 16 86 23 51 79 47 63 57 48 45 54 100 10 88 87 98 96 89 13
19 37 95 7 84 15 30 76 35 9 68 75 66 59 27 49 64 12 97 58
39 79 65 90 60 13 33 51 1 16 88 14 4 73 48 20 98 23 10 85 41 72 87 57 47 39 24 45 81 26 56 78 42 96 100 54 34 89 91 86
20 35 76 66 30 7 97 15 59 75 31 49 74 95 37 28 12 36 27 64 58
19 7 9 75 58 27 84 66 49 64 35 59 2 31 12 15 30 97 37 74
29 32 83 11 77 19 69 46 52 99 44 18 53 71 67 94 21 80 93 6 29 55 3 92 82 17 25 22 5 62
22 74 15 28 36 35 84 95 2 59 64 12 7 75 58 66 9 68 97 37 76 31 30
21 84 59 28 66 27 74 49 58 75 76 31 36 9 12 97 35 64 68 95 7 37
31 39 89 42 23 63 81 91 41 57 1 47 98 87 20 73 33 96 34 24 16 10 72 56 79 86 60 14 88 8 78 51
35 23 88 48 39 45 85 98 56 14 16 4 90 78 72 51 100 54 63 65 91 73 50 47 1 42 87 13 79 24 60 81 20 33 10 41
17 30 15 64 35 12 74 36 58 37 84 7 28 2 76 66 27 75
35 20 54 96 89 79 47 13 50 48 86 78 51 34 42 45 24 60 90 56 100 91 8 65 57 16 10 63 98 4 88 41 73 87 14 26
18 15 59 30 2 64 36 75 31 9 7 58 27 37 84 35 68 66 76
19 30 74 76 64 35 68 84 31 9 95 37 58 49 2 15 12 59 97 27
27 6 69 3 29 83 19 25 22 80 21 52 32 62 92 67 71 5 61 99 18 46 55 70 17 82 53 40
28 69 93 82 77 53 92 40 44 99 61 80 43 21 3 83 22 38 55 11 46 71 18 94 25 32 62 6 70
21 64 74 49 7 27 37 84 35 75 15 31 68 97 28 12 30 2 66 58 95 9
33 41 39 96 42 47 20 98 51 100 86 16 72 90 45 33 8 65 50 89 23 81 85 14 91 34 26 56 78 48 79 54 4 1
35 63 86 16 88 4 50 60 8 87 65 96 85 91 79 51 56 42 89 54 33 98 34 73 26 24 45 20 23 72 41 13 48 14 78 100
16 35 28 64 12 59 84 27 37 76 66 58 36 74 31 75 97
28 22 43 19 83 99 52 18 71 55 53 5 25 70 69 11 93 40 61 44 92 21 67 38 17 32 77 94 80
19 76 75 58 31 15 97 74 28 59 12 2 9 84 95 35 49 37 7 68
27 52 29 83 55 38 5 40 44 11 92 3 22 80 71 25 61 94 6 17 77 43 53 46 18 99 93 70
32 78 89 96 23 56 47 34 41 33 86 16 13 79 72 10 4 98 60 51 85 50 39 63 8 57 14 45 42 87 65 20 54
26 53 71 52 69 19 99 82 32 6 46 93 21 25 62 83 5 38 29 40 3 22 61 67 77 11 18
31 81 60 51 91 34 89 98 8 86 45 26 1 100 50 47 79 33 13 20 85 4 88 72 42 87 39 24 14 48 16 90
32 42 90 14 89 16 33 34 26 85 63 98 20 1 50 24 23 51 41 57 96 4 48 47 87 56 13 65 91 86 39 88 100
35 16 79 72 56 78 50 73 54 88 34 41 57 24 48 33 87 23 91 63 100 96 39 8 60 47 65 89 1 4 42 90 26 86 13 98
19 75 59 7 84 28 68 27 15 95 58 49 76 64 97 31 36 9 35 66
16 66 27 15 75 30 28 97 35 9 59 95 2 37 58 7 68
26 61 21 18 99 5 11 19 40 83 32 92 70 43 22 29 80 67 25 52 71 44 17 94 38 55 77
27 25 62 40 21 92 44 5 61 80 70 22 43 11 32 17 69 99 67 46 19 38 93 52 94 29 71 83
28 61 3 11 46 44 94 69 18 22 21 19 93 6 71 25 32 83 43 70 92 80 40 55 77 62 29 52 53
37 13 10 34 16 98 48 79 73 96 63 23 54 90 47 14 8 78 26 81 60 39 20 41 72 57 56 89 45 86 88 91 33 65 51 100 85 24
20 49 58 59 84 95 31 15 35 97 37 76 74 28 64 30 7 12 75 9 68
23 36 66 2 12 84 49 97 95 15 76 64 35 27 37 31 7 75 58 59 9 68 30 74
33 90 87 45 8 39 14 1 33 72 42 24 91 57 60 86 65 100 16 78 56 50 47 89 79 48 26 54 4 63 98 51 88 10
17 66 7 9 35 31 49 75 95 36 97 28 74 58 59 15 12 27
36 23 87 85 48 57 63 42 39 8 54 4 13 50 96 47 16 20 41 56 79 1 26 73 10 91 81 45 51 89 90 72 98 60 100 86 34
30 60 26 86 13 79 1 8 96 85 90 23 63 48 47 78 54 39 45 88 89 16 72 73 24 34 87 42 4 81 20
28 77 25 44 92 40 21 38 62 53 70 11 93 99 3 61 69 46 43 71 19 32 18 17 52 67 5 82 55
20 49 75 68 30 15 64 28 74 97 12 2 66 31 36 95 9 37 27 59 58
20 68 97 84 66 37 12 76 15 35 49 58 95 30 75 74 59 9 31 27 28
15 9 68 59 28 37 74 27 64 97 12 2 7 75 35 31
16 58 36 27 2 30 37 84 68 7 49 9 75 66 97 59 64
22 12 27 9 7 68 49 37 64 74 84 30 15 75 31 97 59 35 2 28 76 66 36
18 64 15 30 95 74 66 84 58 12 59 76 49 31 9 35 75 28 2
19 95 49 37 12 76 84 7 74 59 36 15 31 2 75 64 35 9 28 27
32 41 87 78 72 56 10 51 14 86 34 91 23 98 8 50 73 88 81 48 16 20 89 13 54 57 60 24 33 45 1 85 39
37 65 51 73 78 4 23 33 24 90 60 56 1 72 14 91 10 13 98 89 45 96 57 42 100 86 79 16 81 26 88 41 54 47 34 39 8 87
33 1 86 90 34 45 65 72 87 4 10 63 85 79 23 13 47 73 14 98 96 91 20 39 57 41 56 33 8 48 26 60 100 88
27 29 70 40 83 52 44 92 38 11 3 18 61 94 6 99 25 67 22 43 17 32 19 53 93 80 62 82
19 2 49 84 95 37 31 9 30 28 15 68 58 97 12 35 27 36 66 7
25 62 19 22 92 32 83 67 17 94 38 40 52 69 21 71 55 29 70 3 18 77 80 11 6 44
19 84 27 7 15 28 49 95 12 2 68 9 76 59 30 74 31 36 97 37
35 48 56 98 34 50 78 87 23 42 51 79 8 41 26 60 13 73 90 4 72 16 24 45 57 47 81 10 63 1 100 88 96 14 39 54
19 27 49 66 35 9 15 2 28 84 7 75 74 36 59 95 64 97 37 12
