100 1 100
8 2 4 9 13 19 21 68 82
6 3 6 8 11 31 100
2 12 90
6 5 7 10 15 20 73
3 14 47 49
2 23 86
1 7
1 16
2 17 79
2 18 94
6 24 26 34 38 78 80
2 37 43
3 85 87 93
2 61 62
3 28 33 60
1 32
1 30
1 27
1 22
1 81
2 44 83
2 42 50
2 25 45
1 36
2 40 46
3 41 75 91
1 84
3 29 35 63
2 55 58
2 71 99
1 31
1 66
1 88
1 34
1 35
1 36
1 37
1 39
1 39
1 40
2 53 54
1 74
1 59
1 65
1 48
1 77
1 69
2 51 76
1 57
1 50
1 52
1 52
1 67
1 56
1 55
1 56
2 64 98
1 58
1 70
1 60
1 61
1 62
1 63
1 64
1 65
1 66
1 95
1 92
1 69
1 70
1 72
1 96
1 73
1 74
1 75
1 76
1 77
1 78
1 79
1 80
1 81
1 82
1 83
1 84
1 85
1 97
1 87
1 89
1 89
1 90
1 91
1 92
1 93
1 94
1 95
1 96
1 97
1 98
1 99
1 100
