100 1 99
5 2 5 6 7 26
6 3 4 8 35 47 82
5 11 12 14 19 27
1 4
1 9
6 13 21 49 50 56 86
5 10 22 28 29 48
2 15 55
3 16 17 100
1 10
2 38 66
1 54
1 13
1 94
3 23 32 91
4 18 42 46 61
3 60 63 97
4 20 37 39 88
2 33 52
1 20
4 24 31 36 62
1 22
2 25 30
3 34 45 89
1 25
2 40 92
1 27
1 28
1 29
1 30
2 43 58
2 44 64
1 53
1 34
1 41
1 78
2 71 79
2 69 93
1 39
1 99
1 73
1 70
1 74
1 44
1 45
1 46
2 51 84
2 72 80
3 67 85 95
1 50
1 51
1 57
1 53
1 54
1 75
1 56
1 59
1 58
1 87
1 65
1 61
1 68
1 63
2 81 90
1 65
1 66
2 77 83
1 68
1 69
1 70
1 71
1 72
1 76
1 74
1 75
1 76
1 77
1 78
1 79
1 80
2 96 98
1 82
1 83
1 84
1 85
1 86
1 87
1 88
1 89
1 90
1 91
1 92
1 93
1 94
1 95
1 96
1 97
1 98
1 99
1 100
