100 72 100
6 9 18 16 72 95 49
6 8 3 58 4 9 13
6 50 100 25 17 79 27
6 49 71 43 33 98 5
6 29 22 62 52 28 11
6 19 28 18 97 96 66
6 90 44 57 49 18 53
6 21 74 61 52 43 93
6 90 49 16 56 8 42
6 84 23 49 37 94 93
6 41 12 90 58 96 92
6 21 95 38 90 83 18
6 17 8 61 69 93 38
6 46 75 69 88 76 64
6 2 30 70 48 51 6
6 59 50 86 65 7 49
6 97 66 71 61 90 27
6 34 65 35 15 78 56
6 22 57 71 81 55 26
6 2 1 97 24 23 25
6 26 79 42 81 4 20
6 7 51 52 58 11 69
6 28 72 50 27 43 74
6 52 25 46 19 81 100
6 19 31 12 45 22 69
6 36 47 61 6 23 5
6 4 68 83 43 19 23
6 59 50 16 44 92 56
6 85 36 90 57 7 5
6 100 57 18 95 41 17
6 2 100 65 84 16 88
6 7 48 59 9 78 27
6 79 48 4 19 38 67
6 40 77 59 13 84 41
6 80 8 62 77 43 73
6 71 44 43 86 38 61
6 29 86 51 92 26 17
6 12 33 66 67 20 82
6 94 25 49 16 7 71
6 28 32 19 8 64 36
6 81 90 45 38 57 83
6 4 24 72 78 8 9
6 23 70 86 55 73 83
6 2 79 58 52 25 86
6 41 71 52 30 80 66
6 64 65 73 99 40 27
6 36 19 60 100 21 15
6 12 1 75 72 78 20
6 87 71 80 72 65 57
6 92 90 7 75 82 10
6 62 89 90 16 74 82
6 84 1 81 30 27 45
6 10 39 41 96 7 87
6 33 16 88 47 98 84
6 79 77 96 95 89 51
6 79 5 84 49 50 6
6 3 26 48 28 77 31
6 25 15 30 70 28 20
6 67 11 41 34 18 86
6 35 92 41 91 72 47
6 54 71 22 21 20 2
6 8 80 75 97 35 82
6 96 28 66 87 1 30
6 6 61 74 1 3 71
6 61 77 100 24 46 7
6 78 100 72 54 32 60
6 100 64 90 62 75 25
6 24 56 71 48 11 17
6 28 64 22 87 20 56
6 14 68 36 31 95 43
6 7 70 2 38 5 60
6 5 71 3 91 54 83
6 87 45 3 98 22 72
6 89 21 86 16 10 47
6 93 61 100 85 74 11
6 3 70 16 2 5 99
6 92 64 15 13 23 28
6 92 1 91 40 34 38
6 36 8 78 10 93 52
6 87 65 25 79 33 27
6 40 100 60 85 74 39
6 6 1 43 46 24 2
6 91 41 97 27 7 33
6 12 36 59 62 50 87
6 36 46 10 17 7 83
6 90 84 63 89 55 56
6 59 1 8 56 40 77
6 38 42 64 92 71 48
6 16 78 29 2 45 99
6 60 18 34 66 83 93
6 2 37 75 13 89 54
6 10 9 58 82 32 43
6 37 72 68 34 45 23
6 93 60 37 58 27 83
6 66 65 85 70 59 79
6 93 61 30 71 23 11
6 71 22 76 75 28 58
6 9 19 59 66 34 63
6 57 1 91 10 93 59
6 63 65 90 13 22 62
