499 286 343
122502898 517480328 1050076038
272802757 362690050 1128307031
270494874 1060010195 2000615176
248740654 880962707 1570752121
231212798 802693988 832110899
134738349 159141660 845704114
377613882 1291677753 1420187855
353765419 993706150 1756574731
135025970 564138008 1201336180
197116921 492803888 1429230221
65264157 738290440 1140106069
182314360 403251302 1151870307
208655953 673206343 1034796734
232291079 241906138 1050414527
477907536 664620996 714626138
74987821 1071233462 1769889145
148765459 351305241 597180221
429974279 736487166 1730420091
150619798 748524797 1139560093
405468403 649242429 1149195996
292527524 631867970 1038762848
188988029 418639559 1177747405
21609187 935207240 1903882071
381723529 637578090 978180151
455228450 1180190714 1237930827
59046849 303354025 928928032
136489441 486061890 739246011
55155265 706256757 942050515
90916129 718723843 1678362722
390752641 913036641 1802719164
76299629 885624721 1656366203
168758914 652875358 1414668564
250799144 457242023 727943364
29794363 464113136 740099136
430319128 1337266658 1746156612
361040198 850505196 1553652986
86375475 1129026744 1837797582
87804102 412339110 506276654
124116905 986235630 1021802818
356326555 447476144 649699490
2271281 367858064 815047317
142418632 339738642 352210011
102802327 115617902 188679317
363582755 1352190464 -2120270655
428009861 870986255 1196016492
113001023 799383571 841947010
206587537 1111332907 1570363106
182354582 322179582 698958384
239130248 1165658274 1619417445
155207418 1091735755 1187987633
474867192 1104883442 1446496453
1253437 59612560 834343259
297334275 1292456247 1471878599
247668767 1162506407 1547795162
437675362 991561625 1079328088
141609847 1132272998 2104694736
492860087 1051489866 1378277275
60230565 694889562 1206304836
188405527 257799420 1094161325
328779063 1073307129 1866381496
273905111 796101852 1004754213
161168601 748784352 1176782871
295932565 445737475 483480152
278143873 297895559 885556565
236545418 1273660535 1411991907
22974683 185309052 279059412
293489422 886663579 1530769126
308998898 666245145 695319432
422405740 1382246958 -2057763694
202819360 695230395 1103464154
137843431 759821242 824675424
50923575 125693054 1019138125
177022476 843367576 1779000741
43039472 1039204977 1099128035
40292921 731215197 1061541066
400114067 400520526 744895549
363506541 1069303257 1853553108
415241191 760579511 1416893316
342065745 475925898 644161958
346880092 1097530089 1153773579
120575367 708836249 1020783114
172546935 962159093 1171720882
318595634 632445775 1363360113
273900157 416291704 888077065
213302981 1141453836 1188373365
252535394 1056550099 1370000695
470618640 861487810 1653967396
125903859 528861671 649092512
412341383 765257450 1627394043
381641026 1136807751 1739281985
23511764 764089855 1434802099
328985425 810952689 1323054298
244143008 306533238 955121088
93759234 206084491 624787667
413025693 476982831 1391274642
7471422 315990805 746621148
228593111 1234384760 1619376034
350900836 511947300 1198610513
200288571 348480124 398748715
335354356 1223074714 1244333412
381646952 501292867 1212264636
34913148 443483358 997161209
252437172 276322847 332457066
136603842 373018002 1093424209
16078209 674373808 1013163749
58065713 550348747 1157183076
352256962 1346223189 2131861811
21302153 211610066 235021848
291629256 401666339 444245555
254505921 329474377 1185149706
499806033 1559473762 1563810790
402046528 863037178 1839554125
284072146 1080309891 1418762609
348960828 1370379515 -1928302916
438015235 655632533 887065056
13266033 356092019 716924963
98671531 302071618 675349932
27029510 73129164 883003687
370075565 893212227 1641815035
302293180 856507245 1088082150
265303891 1042153563 1210775979
172033624 993818097 1689098328
384772825 1302994123 2013444365
479968337 1398256606 1695020155
120331324 641639759 1492924274
220011709 673255651 861895218
163839044 948350611 1296282728
32343672 357284231 1082056168
265262799 1180936489 1904399552
222759062 1003373672 1915091192
101562976 510216967 1299856725
424731403 473533424 1338811597
216907751 1219873401 1276476046
323487129 813729165 878723786
59589073 568042909 1438006176
349531385 1108017769 1359531752
118189907 323194714 974325398
309565260 553442980 1345494049
49971698 869168085 1383342863
67333827 801442312 1612165006
25748566 222842733 384369353
78209677 505015880 667143250
184446543 1146562609 1182300639
144416000 805711278 1424632116
36450344 511070172 1025408727
440886283 543986526 1052167952
404965163 777868355 977867347
193677787 1237149443 1911719916
400983156 897454937 1251667371
431545548 832151314 1362429418
274955257 787248285 1093675039
27869074 849503863 918870241
492684505 1381448988 1890412011
321952679 835630038 885236424
199491557 967507680 1266735100
242776310 666765631 1180793816
410542444 898174186 1897384829
108202185 391001704 1066216050
42712650 976379823 1873248536
417766384 1071866207 1365557435
69213235 1102353931 1431864318
89622834 850355914 1013214985
411370043 1012218809 1204647330
319867640 959997083 1801208837
70498729 255734095 537966152
123539255 741439049 1607817101
466717437 1298869684 1423945282
315208349 528099205 1119998293
340287295 1121152275 1230002165
177948160 376473720 446390870
255474569 856190813 1057896606
193861123 464611188 806330595
63573207 961374263 1479636438
75588617 417377074 1272606362
85127437 964426106 979804887
407470686 465111944 687936002
368746825 526977062 810952572
315324067 579180445 1134173933
401913706 676155866 1059037450
31316602 1048759720 1084022178
30992096 829687503 1330784944
10783346 953425955 1768175804
8537781 465498704 818529743
417704501 463207301 1249226961
145983707 429865390 817825786
258960879 305793144 915226065
136792504 1129236669 1520397246
262730497 316670102 1310679093
233379567 393950917 1131898143
289817830 1247772313 1379301076
433521264 1177773316 1539032805
44407140 314892570 960060562
326215874 340093341 403361179
160678391 612207048 1130546116
80588942 568244500 989107283
5453434 635005211 1622059851
195294063 342583879 436586794
248344086 383539089 876124801
491836921 780076771 830813072
269733231 1199214437 1361699544
2248967 104306270 810692165
285282317 1125939400 1778861380
480141128 715915886 786773538
167197960 290743444 1079444309
497182732 1029446147 1056223901
46573559 418054794 800871717
280261450 519039675 604576777
61481753 101860357 592699636
13918453 932533984 1634668450
302354885 1351034425 1613355925
148150912 1175014104 1238184004
74251022 722767841 1545922950
436143279 1074332710 1936463358
51395514 261991809 581031905
357314208 1349931739 1514797899
181407077 1005489687 1223842550
313720345 481837457 1476493850
21053425 195242327 756033461
123978514 807467489 1137401490
427170352 753356896 783354574
170624133 446817121 696746905
259392980 336820470 905518999
35604853 1021455377 1320601101
198529942 1031519290 1634228656
37671228 309352799 336241112
34515621 774694882 1073056361
23244312 392282263 1344983463
297902673 967257326 1697561310
233538808 919262686 1801495155
179124983 1249144037 1264439270
116042115 970388650 1014711753
338575406 745028490 813431217
239811945 956429496 1636460995
364330291 1408403989 -1891088339
198459630 356935047 943078617
216902034 222113257 861806630
324318643 429407566 493651034
254240790 784771278 809220914
458955975 537473141 610269368
292414962 681774248 1196658766
463067629 532440971 671787399
342786863 734654385 1100852806
326177838 1377736640 -2003840702
38695000 896117039 1482757080
100998306 180892383 1129678292
450631012 951367341 1334604697
423339130 493609919 1122719954
434115299 1358161583 2098101907
399845713 536537668 1370357897
109534828 147461619 921413811
330272436 874002896 943634621
233998917 382081823 834222310
341010414 1374751036 1629232169
48447572 120239360 360064252
306514457 1124030551 1782232273
260736837 503029311 1103480916
463027041 925428690 932160501
125320700 1028488856 1535957302
42698906 50738371 779717343
108163901 983002006 1018346239
11881732 1072126870 1351383141
229058201 847565255 1669313023
283638621 1033562506 1221212718
184124315 1157784437 2035778082
372920360 713647268 1664064947
111098419 330595295 419468112
69223739 335323689 379320580
182996322 348249074 415146644
284609678 368542106 913193295
72099110 368892286 596790016
52238402 952058407 1071525154
470607015 818089454 1815596363
96634864 926299814 1650554987
119184291 1178724230 1244592449
81509939 461326096 677990212
472618775 1426713874 2059001048
473100408 1272642935 2081805169
216335150 567783971 1304519456
493038084 965919612 988034470
32920430 829095115 869244389
419104069 740884295 761669000
414949408 805967819 1314657035
109202525 847965446 1728161657
217973759 255584338 956731578
178770667 1200632537 2134734867
225290533 912572983 994920260
93171996 1102070613 1951186801
443582769 600869543 1136447677
103814898 956068214 1134761266
252876220 1006643819 1546216814
274268370 1052535575 1353666618
252651006 1077098642 1554222061
25084244 1092598256 1841895487
453239996 1261888692 -2049457656
49430086 928322819 1101451007
79332980 208565410 683859557
184663809 633343135 1460954961
258316492 720335526 1402794989
140729072 1133382612 2116088035
221198390 537617711 1095957471
228248157 627809640 1620431549
115773927 874398234 1147151567
396667005 916221777 1894579079
429507322 1197816409 1228408111
258206142 771228594 1598587536
146129888 1132091703 2082037445
22906447 676625224 1543369097
18527243 804017929 1459989702
463105521 1177696880 1206139414
171949530 1157243752 1729448636
242240252 393763472 477371140
445444550 799969771 1144974636
496770484 815340827 1096819798
364827085 740470367 1375678204
277409741 1174866949 1890676746
376997919 1426636667 1960059022
450090043 889825206 1750359444
321376263 381012762 877830573
279321150 998438284 1817837869
127669787 753872117 1596162860
293191597 390178505 793085133
331401126 973702106 1299177551
447540866 742789140 1500432634
216054357 849603172 1795821802
173536934 1214385768 -2082279873
17297440 1001229102 1963159619
357689342 892168595 900965243
186558075 389680021 891969472
495051958 1399257132 1557727456
75699902 184221416 878011202
350576587 438576390 989696948
97854928 806071330 1092422986
468637406 914526517 1089255906
258839578 579011363 1333281761
423203639 935807604 1653877033
465645227 1360350826 1603327802
402029335 593120046 1022872372
106220711 896120901 1113828628
443432003 1274345706 -2021451948
298165236 1033550483 1924039648
18622413 445588809 1026638339
251675943 1192269048 1885083048
31112996 846495101 1157759534
28713388 78723216 643823018
72798 259243584 916770357
70970420 815646000 1228959942
114680516 226411852 1220179374
172119907 653076502 969043101
15491742 39016275 255326956
257530042 340004393 613163895
211949376 929639803 983253316
25552834 112225703 456223969
32623188 643088718 1498290442
33194361 415267686 748032794
50282857 1056647225 1559245917
167336961 1121764233 1991891251
99419324 876329346 1145596328
50101382 1074996149 1829575664
115834694 736471741 1049828836
205010799 1045854924 2036288880
439723525 1473805512 1874415262
222171081 402558759 1127282833
320738190 454431298 889445051
42490864 1095851337 1982130706
355904211 509652611 1198989055
338146942 407937561 1138818676
247181105 1090565904 1181977670
412535672 919125150 1866996906
371624892 770219419 819669400
13908406 566946607 1245842796
451780302 857846644 1218154209
27845011 678545716 710293098
124114381 125755011 177953912
352697813 718927444 1010127909
35485499 451017154 895698276
324221918 1194584121 2121141660
54286084 866961717 1594400867
313360148 953818813 1667130283
363979523 521821020 1042687399
101209997 561385127 1514020396
141160917 1187311154 1981774686
212755455 1251673829 2137340131
200992993 364796067 790224375
165252070 899664190 1448242972
434139303 1482513284 1657033511
493733109 817010063 1309383440
33406280 560548872 1184933285
238607298 1067150211 1280383243
481929302 1091043517 1580539578
290987949 566079176 1462404687
489266141 919792895 1014543736
223371537 300820680 661471927
338688177 1040695542 1367774668
393736365 482042594 1322310682
62556665 1089506311 1872841014
395096404 922777124 1232071799
203517435 1268053457 1570971987
6012115 565058939 1436574665
94594089 1033955748 1422134303
492966179 1487244151 2113710783
47531628 107292280 848646140
51888335 945998454 1331335438
119790512 604163430 911054194
34245799 949426536 1188259232
300833711 341340829 905137843
335409573 1357159422 1527692149
394266882 1055424993 1889507814
188930334 234166375 352878917
100314468 1137667706 1744151073
203831597 1019632775 1814508009
378835016 506573491 1294651186
272833116 704334765 1367313016
335104414 1357589712 1987599910
107812244 635630541 686248241
93406689 994187907 1487368070
111969863 1118990905 1398563100
220300388 823650281 1581534306
237832667 517147860 715295598
310935773 542191357 1143016207
25152089 933398994 1483818161
463344690 797400983 1699256241
295086165 1057596903 1368959391
237983875 1106053082 1151539833
14527775 794238472 1586052306
475002743 783503411 1105223849
396867371 1250396827 1818937118
198069450 1252491475 1386829924
311454654 1302799156 1567284666
361636630 1323205279 1863400222
99285978 828196042 1062802465
7033569 771952561 985712884
114193515 1178009204 1696303546
420753639 1203809350 2079738784
87194033 908316825 981445433
277381801 837716800 1422969414
402388976 704394417 1059498437
385760054 994364441 1547809273
170736470 1079257972 1676448214
4577335 581654103 800752371
90559020 800440474 1389255909
263465792 791956112 1738868398
169881920 582895630 1037462978
475953493 1199955668 1802186898
37343121 413472167 764290242
142281915 294055599 736230790
47929404 1027578467 1343496866
346741505 1360645276 1491250225
393660838 1346357785 1391116067
3234381 81763327 252256509
327097322 927477686 1382075255
260041450 1215497372 1662063325
159047044 394078965 1166439780
370314258 655467154 867921873
301797695 1058762388 1666984994
27420664 180202188 206257443
314643547 1297256972 2002069507
21226009 812292866 1043781240
353795842 1166898383 1215219419
164844739 278203944 1062596741
57846765 604253176 1454727706
143599589 456067951 697450915
491510098 548681862 1111474362
62945048 884142518 1742028293
72681488 1104656150 1356816347
224313326 643245189 1077582020
23615261 976360218 991518768
70200698 735738756 1140479648
311470126 580195982 1119778071
326502175 486811252 556216452
292880296 1005196343 1232021386
431551388 1230283430 1253945037
459875526 553827665 580093881
411000664 902970615 1693287500
175895563 360866000 386735987
361314026 1399799102 1780421126
3337706 815344149 1198597961
218183915 462072398 875597501
454030516 1521032740 1992687987
234111999 433223533 1329131319
1720001 84633692 678568814
5534497 819599686 1629067577
433957090 460091060 1115792489
368424238 1220549476 1933788752
309320709 844278892 1150768484
271242933 530241838 1415660889
439927849 578854220 1289855766
264962044 527255639 1403671738
175413636 507086421 638188170
407898453 810607328 1250668404
497284339 1485562113 -2075385454
11112611 796460934 994504667
437572257 1490638832 2045861336
325955111 447765183 1378868767
298309883 1004271406 1918843093
377694094 1450275635 -1918713455
54461394 732937180 800337506
449313087 1025201587 1033501350
154443729 451459957 1177890862
33166305 327617199 912982459
