499 303 26
328169966 1339336502 1381853192
330581681 396220874 494075979
111486012 999921747 1166696959
471568011 1416333553 -1943782699
1172424 62426707 509793014
269707264 1051536273 1074923869
54075017 832301888 1468679920
219959610 266125484 1195044067
349509586 897010362 1895088568
106421014 235554109 640296904
362735759 756752728 799828028
273890300 534431176 971737078
127624641 453224571 1154874522
216583939 1161969790 1782952419
332185655 1232272803 1767954934
411317316 1278953674 1294994235
462209934 718288718 899313170
16959870 532717425 1049906776
431073130 561118795 886225819
24494315 574701859 1059663475
401938165 961358741 971102021
306283104 958010264 1173229721
2491032 17472167 425464214
149134507 978236199 1536128866
285343993 1348981081 1771870339
261291561 448828382 601927780
430582836 1154549299 1304540092
369699237 875489046 1388400735
42412893 1091309898 1749403079
103688824 1136100501 1931876675
388798516 1233195922 1289789900
43131869 482832152 573504972
126201386 963452352 1676884791
307235733 1242792056 2112137997
348260244 729167764 1206436856
325237435 732013626 1017682579
82967853 915191740 1503167400
385606888 1266199722 1827312996
241880017 372517930 386087766
236700298 1160465267 1599753390
309326712 464855529 1289533724
146634881 412988342 435350073
446660464 1101928564 1298582382
31452667 406901411 706453921
54794206 304864404 881521721
191028625 465987471 1155589957
436924535 1287977653 1451714992
236168609 564607887 1168353533
357615482 921556922 1561379293
345290477 739955599 1574223759
240420336 651173210 1476652027
82207348 861641191 899559903
36520743 310843384 1024727943
223747216 1206358393 1580021737
81121643 890390520 1037460247
239579728 608324417 991351407
469065479 1151471001 1707319785
77230615 133241719 1117573234
103743611 621764684 1090826555
148757109 635624732 1157082465
56764670 820015756 1550806621
255039557 673777949 1117448469
137667126 691629881 1158367879
465565191 853409504 1631343480
492938293 1395838315 -2086659733
395675007 673760101 1201761543
42054071 1078196942 1744001675
439981710 930350554 1346029311
349165978 1213356407 1615902280
231184207 870973874 1420154701
33477534 594060096 632943296
129736053 1110653505 1209096269
185023069 755945625 1576910932
119786211 608255439 760200757
225640589 767180010 1114440203
47452300 62041908 790666570
329138804 819037537 843816601
471339917 627135983 1262656729
356708266 916666960 1364743739
347561352 450369978 1259468772
183994645 719747846 1360458061
400929602 1465598123 1968586398
39953698 865454626 1401366931
331920512 472075970 1390564249
348774720 1070144876 1517599063
422579998 1198247176 1470842554
390759074 1405617970 2050391097
462882160 1449817122 1717642737
266546229 598096667 906041798
314064092 829893487 1273106602
266996446 1121545087 1574304965
342160312 1327380378 1697613057
246975479 1236004673 -2065120429
488865120 982479795 1113824695
90632204 392076843 1297551798
229695643 966307022 1758655721
250267858 978112187 1216704233
350522415 530452496 1204418427
282940775 677053572 744568314
201326018 1235403599 -2114265771
31073232 580358662 779655961
433430260 767551529 1006428759
280614319 761112576 1144207980
9574841 401245845 800413954
43451460 954280525 1511212197
451688955 783577350 1700791544
239551142 650929466 1152114769
304798064 1066130172 2008453679
426733889 1461301855 -1955820811
281925303 741809948 1122927067
40700050 224710391 881604571
100707001 1136624588 1858893871
179161890 1212559287 1637364901
59460158 645343302 963571911
393190080 649734693 783558567
427635406 1314567476 -2112319264
59577346 473264756 1260413687
224572618 798777030 1304232268
330368253 716775127 1483192639
271702473 1250284361 -2071230681
86791747 557163359 1148650329
444824119 742991173 812383306
7336221 220491084 596310425
348679468 980047884 1599139964
5146377 915594729 1463147751
298016650 621844441 671532652
465235062 977695462 1813232021
33018457 485054819 977650270
51997374 420797484 995999724
463288166 506745850 729758631
402717028 1229458229 1931459204
105391898 371199261 1329321435
117977742 934538214 1757974103
82579863 857822093 1349973440
150731716 1137925098 1465439643
244804632 1185507055 1409160458
61929962 891114370 1030767691
31171465 975048923 1806341572
65121659 151664868 279497602
396962405 837894522 1533166480
360476679 623440656 1201818769
384014032 906436761 1292128144
253593839 670961193 1265969613
314093556 528887363 1499168286
191659102 426078281 1196322851
28254112 804725727 1342673735
47951754 318395874 1151814773
486499102 928771259 1241084146
131660332 680364430 1379433637
414563412 798978865 854097886
483350588 772548199 1760692071
155555869 404976439 981872722
301821937 1323037926 2031060707
200426217 1019029370 1589724051
317452536 1148879668 1198708984
382779795 1123017462 1340476436
465036275 713583620 816474715
138490754 725219341 1651630449
147195188 149422828 479804776
388723458 499637790 1273746712
441239482 860413759 1581678517
488595171 1370127523 2145381069
343939692 1291713375 2122465895
37770067 209280448 283751117
267378580 1251882137 1687613252
305722360 396093024 956481483
348158366 841296511 1384181645
19511377 674054352 738804135
380987665 897799611 1110631049
136465742 923601104 941469659
94645196 1094066793 1401334751
454305069 1091030575 1370076335
458893445 771044596 803060909
354497175 570025700 1141681717
444651135 788276580 1392697169
416739834 1048801186 1618395123
385493387 460035390 1304372745
182959912 953382134 1836600160
215173697 1038336986 1129192511
162414896 1223084761 1436938513
212224638 925576506 1685488289
388019836 1137531083 1726430384
248638240 726459489 901792498
214586668 530205292 1443334067
320544000 616509232 1112661412
275062449 1083441038 1496467909
284340272 399602358 1001675810
269588396 1285744854 2084708361
223680629 558740240 1466386157
3105800 352242895 1157096198
427894023 697999549 698258798
67916629 894713216 1816440664
276866951 1212484469 1325149061
144244583 1166990474 1339710251
438438209 1420055940 1745845221
347131182 400030137 999194730
394822050 1303180958 -2036688352
119186904 283991587 515656120
40302843 135443774 298540929
54897701 299058104 1251286554
30557304 731979638 1615488925
377625609 1386488675 1597813113
478691418 1302914121 1811808678
422847623 670590362 1192468938
234979708 869704330 1624729478
28476876 1050360701 1374864138
304824068 961735210 1451684776
227068298 675590760 822855661
35530344 914325014 1265803157
157207703 395621645 933811795
421419940 681456781 875636035
293722565 458421774 1456840574
337809337 1369127929 1378646828
3587587 605628437 621460485
135825256 305871430 1257448224
290826420 299897446 359003783
15108911 379558844 710822619
178553935 787851775 1239550239
327012740 629292627 1547109718
297181239 923681836 1162870427
136227664 1027284368 1478811358
274051036 562455199 975213419
340469166 471682521 1463920871
10078738 1038974985 1796249948
101992420 466111054 1335735965
332277424 738531119 754054145
202544034 818337572 1488163391
66451308 888667529 893838069
305323641 1285581687 1827887659
150095606 349698131 1254546628
78911901 432034728 438413496
108889682 1066332197 1223916192
298586079 798748723 1446751432
459206778 531064595 992703711
257037028 1250371075 1989374488
359240756 1216527676 1858164771
164778154 311235922 816728158
56520495 722578149 1362998865
356984893 797739514 1391237650
174130532 683448083 1550653003
379551669 667452239 1274044167
400387755 862175393 1159951454
451334515 1135814010 1882747586
386907292 395696090 803016056
81775259 97536585 1048447621
9250472 494367372 497597209
117749460 311986581 346758961
484353911 1330397607 -2041093360
220682046 832910090 884768969
178834563 205210960 210277347
179882932 1125678219 1250022102
364427253 713800570 885663242
299614531 326595586 382693998
17952190 562978302 577669346
455043817 466408894 1161881873
486348537 1243436855 1882768484
70423186 979267914 1259749436
270560384 852433427 1145644689
468086607 542795198 1203968179
118110156 825477296 1422688685
266913240 1322522274 1365050533
488584978 1494905458 1715503665
131492420 347900989 407037299
402526106 686461082 1544532348
215006726 855717491 1542683210
417455713 614387043 970065743
432604203 687343641 1154374518
430665970 721312660 1114256887
113735121 561197262 1360880758
126180993 756912795 1661878600
292249578 681597525 1401646542
2574409 51630630 186875727
192226354 966631275 1206798496
398646566 436225333 856127170
331514222 773405729 1589377019
206599797 369628860 383450942
480694246 1492254893 2116185326
263621419 668684466 1276395055
203939364 1045876430 1094388067
211008052 795697839 1305216910
383090670 1344769948 1378096047
433110797 908271358 910519118
188156800 1250392540 1357377247
112017060 537942076 1157928852
421505806 1106668262 1317705180
43256687 765901420 883005610
378530169 1251562735 1508595760
9850315 597952653 987575730
4046415 1019765479 1485288608
139876246 554926518 1013338905
177557256 297182162 1006018433
461440271 1082035118 2003965138
84606335 537309598 1375102156
187969772 900179199 1551703614
476016558 720968571 934308334
193765820 739098773 1064414701
494057390 734205621 1304759906
30669951 951292625 968489223
45333485 86192647 859169533
46290307 177415459 244692873
57827760 511338875 980865547
35574913 823566624 864052272
59650252 719613371 857278238
215226103 1201814045 1390852405
211532704 1264240107 1831401889
248792519 495920710 1121526974
346668630 908647171 913548592
480445201 1214842933 1774145553
107927130 492349860 1097590950
88426061 993483527 1268713861
293392665 1087386995 2019336954
70900395 812175613 1464381249
337500158 1135861743 1250028491
488091054 1174949516 2010323619
12636585 217552585 284252085
12495878 572947446 642753148
172678769 1148722109 1386628714
416491950 1378281064 1436651266
181018652 1175532009 1462796928
204370246 766085256 1132880259
482993117 1224450983 2085020171
379284402 761112470 1261754073
310334606 1285251809 1970054635
371304947 1308625665 1371580579
173949230 274639854 826620900
338484805 467310459 1379304493
206216605 668069093 1270915438
277454968 582477206 1245177138
91863446 118049146 523696977
261452435 430359774 537094985
98179820 271467601 324003567
373393574 724920936 1217922327
436309768 1127382492 1158571872
398546159 871614452 1304152649
71495586 944480427 1743325248
130475312 539481213 1121315138
285848766 660042060 878204488
10812239 772025431 871131796
97103593 560887966 1162624669
251815982 471059395 1014212912
73754805 479273901 1413991917
416084684 1333733898 1469948252
395736178 737688066 751334451
406029724 553593617 1055795304
29737774 74425221 744260189
1080101 1004420215 1216691744
72204526 683726288 1498869141
280328923 1274432296 1745043714
260666925 881362183 1655262806
93687355 959755634 1452213547
43261588 307930159 1167426884
230483500 411463082 804003353
476568571 1156069386 1520686782
95891349 517285942 1463620115
161426336 342081131 1340159280
454553146 876824619 1738720864
339891878 731561744 1298748713
493379291 1098090340 1351482683
100163024 453419513 1351820081
264068751 1074861086 1290419084
370212222 559957057 1396101207
35486045 735003145 1483083859
204694503 1215463798 1674946445
394753564 782426340 1670343650
225223832 301045871 543903412
13178507 644869013 722179538
481948716 593957542 1491768950
29889971 264984002 595174323
5570892 680091408 1188120021
60255868 773946853 1482904193
293754090 397059702 459662216
248422798 1120351976 1974620635
451570873 1113352264 1154959362
494515562 1480499259 -2030365709
483709423 797851131 1030672975
242798536 562718573 1383422277
221325374 454958302 919983015
166204466 321985345 994606086
101404687 862997874 1342530751
166770401 524204878 980271714
429989376 1380873794 -1994735904
493853911 1069865228 1606281317
35316640 218305086 654830778
138136125 697616244 1523120822
64871017 951336847 1512373239
155014654 1164807189 1875939591
210276606 318972655 765912975
486015395 1010658475 1265426250
276853414 384095109 1038871262
316597104 1120502589 1731847083
472682503 1488654903 1722612853
22129600 648289709 661951035
285196326 669925259 1565171636
167890077 606251986 1060576613
367865246 595378164 984922388
130199203 342500118 349148202
290049055 497952435 1192458565
493250326 1092437894 1526474765
276994602 421898026 661576444
453183553 1226420079 1287485898
292950027 424184247 491498634
30786320 879866994 1445566920
36925974 1083995655 1759507244
234896368 350056484 1194711125
277914405 481037302 594271526
182364390 224941595 352970124
493164624 1495271390 1634532237
144463854 234669710 993112597
357991918 571860600 1520759782
140801686 774401643 1772260246
445410252 1190709805 2135910260
107576538 1146753772 1196090593
314568876 928443888 1239881801
73053761 842055604 1760076528
264096001 902364569 1067851812
161743415 288140387 701844886
217304040 1099387575 1448211447
311178925 1323647153 1645217010
325536617 772163310 1286299977
498766062 507928322 517431713
437234670 1150514124 1199806785
287645636 1288854661 1452283069
454427395 1316963361 1744611710
235854539 1234671298 1784434046
51152207 853113559 1006092967
158154772 1227586491 1650548673
53825234 383473230 1306128327
283832061 618837887 685799983
180471648 183594539 327882838
63169103 310682949 662038072
332054621 387318970 627278359
34276504 755366657 1693803716
312058809 992018367 1202995877
445502923 746709631 1210758825
37554222 67434706 1037733067
291430933 494697463 897804507
52469945 816396086 1468950424
301389569 1079546666 1988626789
470583126 483536685 1155622702
63653582 1038275318 1041181979
348808447 793535702 1679819101
45190928 139323506 645894925
264990694 380946308 720375540
280226949 876338048 1539164092
158826225 1100161170 1298125010
397781561 909608682 1663929867
299722870 1282238398 1938966207
277509596 1346565625 1936060411
440191287 1163261441 1400835325
282250850 1187747980 2028553238
486617759 831631846 903318941
415217628 740242608 1023683238
89131070 1080482149 1750133651
70534293 1005003194 1850337966
286548098 1276238131 1889599879
126347888 618659805 1324842390
197914296 219583398 1083388018
321333889 840003137 1080797092
486722113 551847681 1006423012
227899113 956491678 1001199408
262036248 1323628373 1432032806
484229622 1543646290 1832211347
411888259 949040852 1652612356
386722426 773597690 1141634531
337631768 836004523 1479285607
216875883 1105205897 1767235425
469719283 1235468377 1249284005
108849852 815287008 844370350
32969269 353397384 979098009
136429434 1187894503 1224154815
351849920 1211333221 1371287922
63657513 794978341 1720997270
65696560 914252150 1566785355
36742496 1063573208 1191252910
405286428 442758901 990276223
46703266 389798794 783141683
96684173 677343653 893504953
276550271 758355502 1531448567
249142206 279925293 1189758926
219751659 962778549 1063605029
202936342 1205736174 1405762123
470304222 1098306086 1746096307
62269538 627389786 1008503244
47120684 284013109 980911768
37525335 297404369 974059283
292254117 1170575455 2005216961
247016774 1130630641 1592506068
451535728 805970815 1781611715
13429793 395687288 846048851
9499556 479596774 511268433
485238189 1351571343 1416908972
166501928 995349748 1005453934
10752777 162353586 654943220
480806603 1240271662 1408350815
391851359 1066047993 1964756484
144474534 760305113 1347921511
107483368 555840505 1087539728
15389874 685955858 1566602802
470614308 1533737242 -2130332166
