499 316 272
22187243 237827982 614585507
347301536 393575017 1245750131
372788773 481288737 888019808
394074991 1159365488 1860788767
72895031 370225991 1210925613
21966812 980213435 1199332428
80515221 750020062 792672778
42464122 472610124 890110507
50632530 1122334472 1550090478
207593004 418244473 612342927
241719582 1056728319 1242301531
491402700 1427858710 -2034627734
248044673 1106729329 1221479344
30296063 435782145 1336273664
41899094 224168789 289346624
465612887 800865089 1774038999
354017929 1297120581 -2009689565
371799978 1054946714 1620270704
196455444 1240736599 1298339534
119767473 270870184 529017785
204260919 725030002 1358006116
359125731 919023218 987602491
57614582 427476775 816373450
363135379 791834763 879354142
334661848 1239715851 -2125501060
393557832 535645601 740242380
277406685 1086120333 1153569571
150844252 969861785 1704467819
147829183 889319758 1306169826
129773015 1140809764 1861500179
35545965 907981562 1763747700
372133517 561545953 618580678
456052677 938936992 1147554296
199672438 462457317 1162259223
323600016 1142721415 1245223303
40859980 166697439 192112040
121222082 140839308 1061701770
164888427 416572591 1136684639
162374898 781583093 1133296846
99973092 616127863 1245080915
13912086 216149448 483799122
8929250 760006202 1708267141
6978948 746718892 1042279400
380496961 480166898 1005549141
53002789 792980018 1785700471
79748204 455110694 506582959
232749819 611411389 968378402
452994423 1361815300 1502895881
22880725 940991437 1085452042
497356924 1317603576 2098013453
308598096 973443552 1326988786
76447546 573767367 1310726678
13154320 999327685 1496517255
348874730 1385671968 1535286620
51640127 1065215095 1118720893
317968740 1262959805 1818794734
61552710 1057700977 1152566874
364552819 1031407093 1320310116
495046858 942479498 976727570
475255924 756001747 1060179280
394535914 706378828 1425350999
44812597 972661428 1643617913
411022006 1073569226 1727768236
185939980 868291163 1583701704
453833714 1464090364 -1908626880
293815605 1093984902 1325148670
299905803 401933457 655587702
44774512 212131597 996107049
331593817 474966093 945060419
109585115 437754744 670150621
123720087 635140574 735299392
407586828 1469190672 -1860090598
376655519 1300749876 1385703034
354925426 651966337 936581903
47686761 254958425 260004617
276845805 1161762284 1768289927
86915910 1048334798 1836020842
331019691 764672129 1168764187
368409176 1269207382 1511666561
21835076 35886996 373501994
205207124 698927966 1387880835
54178329 479918141 1002892687
113834363 274986186 299122299
163594985 516755813 1363162125
27655382 583568211 625198501
302945972 841193317 1510594697
297361584 952412249 1049484158
158703316 539012638 710146046
120452697 864407361 943760794
15777112 769646479 1514934321
491248152 1222251082 1930158904
26402723 555238124 811955999
249274225 1120627685 1531647126
49103173 632968250 1608174907
291678104 997867662 1466805509
163210265 812778851 1035554650
11846196 87868707 1068288955
105968031 730560718 1609110634
307997015 469350077 765390443
123619739 415769979 456100069
109647037 1002617864 1436840343
352243949 841593751 902385415
232678980 434228761 493648032
481732787 1212364184 1354528707
380045996 419192777 506392739
40362140 673451214 980028270
393644687 1412668298 1686290947
143084943 287481477 950199106
279029922 549957827 592782789
303841148 856871058 1717295747
388130861 515860386 680038815
359655041 566991220 1515326333
239465672 603525242 882691023
286846528 1168533224 1588575029
386866007 1318804120 2018766508
14905470 478115840 1322497755
69262664 865908636 1125154047
412162816 1194083008 2100221699
257608970 749426254 1530088975
317693857 1206253613 1269995407
373472208 813390076 1098903933
263036855 571806703 1296256369
64354182 572449356 1110073813
314138536 1145487460 1592991510
57217299 419957911 724506079
4659143 224960566 807726233
32629713 756998339 767883194
259875444 1028356473 1335164861
310842442 1101110933 1557697961
296737651 609489468 925757338
243600947 760527500 962960040
105727627 545099942 718464536
324098477 1206289726 1354702021
278390114 852181645 1530316575
294168762 375863591 913611824
375725720 1247406734 1878274956
302121213 556887817 575829775
249456417 1109082018 1542271202
332963765 477655742 1370163219
404897255 1040771900 1858477510
169252603 270209939 1182056140
54896031 224308697 788838184
267924795 464248097 491976893
264538091 551555362 1373434177
1012208 687476641 1018122286
198154929 1083899002 1645679937
365605795 983566280 1679449796
5994682 1041094939 1493118147
275169318 865665823 1840600787
330494093 1131447472 1880200711
5808652 116516822 576266350
42989709 908295530 1735460832
293317995 1205818913 1858354242
132701777 980490647 1968075625
197046741 434990353 796824104
106364483 1099600826 1294592118
479134611 965904614 1640230261
162734716 777864746 831484886
230846755 1205890027 1512559631
394979294 500822303 585477682
494621940 852139472 886814281
63521393 1041719376 1092100815
260459360 412018045 894442859
282608386 293998096 614108677
454392297 789833325 1348357133
236661497 1193479386 1509017188
223801272 230966664 463834671
253476731 402367603 474920886
384064338 904342900 1844637439
277021632 890832509 1511346604
395511196 854916724 1676177018
303692981 588953745 1247311442
334182417 607349694 1324117694
177624021 506906072 851677258
373302849 932608594 1208242969
424168260 1086236191 1503716534
254704524 262282833 910690783
106591532 852723825 1354263280
251013664 869035995 1585264131
196750940 862518581 863483909
171972144 602287708 710257505
248828702 414331577 1037259483
225917814 935169135 1183118299
266847320 583784023 954387764
389682410 695347248 1278098730
114254309 243333892 928726099
187669443 1104404760 1660427378
60319797 342978416 771176833
360166574 620068429 804460179
458987811 1394812820 1879358510
167670093 273180549 414083906
98260245 511072978 795067638
22646002 836694870 1477353947
345832794 1396042636 -2143759286
254234012 986730513 1021712629
335208639 356308280 1289471466
369212466 383194649 1382917043
260099699 663386366 1330513174
252751870 622877627 1149618396
168300572 1152746950 2092511873
256429419 578356872 1174100911
307274809 377000158 664562953
221750530 228254508 931869559
412638650 1189183494 1497610792
240018082 312446915 850069979
228675805 697133325 1189760553
253983999 386401461 1199900659
62789195 193555434 924914971
23316573 655538957 1156021540
441109618 675490640 1004911749
354744205 1075042128 1077221544
110306340 746925260 811819742
44380711 316480468 799664874
321102704 377292631 794816443
417653768 1218126491 1940019352
163606976 1023881073 1385054150
61464846 583013803 598331510
234096947 976779448 1555912819
18904082 875190497 1833817331
222712892 874762242 1340310129
8664614 317857360 501178493
71061884 957744116 1245756643
440135183 961413394 1649145493
288794843 1044939540 1066880075
112488709 550583207 1509080225
414745069 983341934 1846316361
231215785 400155591 843661445
54973058 999485087 1927780872
47970374 190159805 460511472
271117198 633379959 1449844852
222956108 1248841792 1365865079
210366524 1179077640 2052304172
160334089 916790216 1109679716
135062092 1147075141 1611148859
489130921 1076603495 1723152972
473078965 508781336 937270918
37198192 431473187 1348964450
154105719 713784312 1476537604
275447349 791217355 801322893
294244800 470104323 545436848
497964322 531163732 1296790588
446488130 1178940565 1851488574
377691818 553766055 738024692
380258258 998624098 1047746192
66377161 674979078 768603310
311914053 354986252 913210087
117490050 625648602 1473460707
239299719 593457722 1449047258
465808534 1243697424 1743715940
407970300 854590003 1747805960
489061505 1541747181 -1881894166
324557594 620254196 782603660
122285497 847097452 1255960177
434549319 1143401418 1704197684
329582890 1199226386 1709768006
422579696 1161994853 1188198513
297320428 489577794 1477516506
357222634 467343990 589136397
308357446 436394784 1043355741
270299148 843696069 1675639711
285673703 693289437 1620190218
81431820 753712071 1137648831
439232867 658325913 1044167491
6731161 383183544 581084920
447656171 684056498 1160306524
18276794 411838515 980961922
264341328 510057892 730244663
484569702 1304969289 1373492653
191757626 715301725 1504288916
157884259 196747289 569665051
413735588 1038937876 1810028070
416651619 1085986538 1605150902
54003611 569432484 1281335909
51713116 989683649 1537031261
131511095 1052585825 1703783975
382255143 1200960887 1875811675
301478360 623620722 1314100972
301456988 534682712 1468604577
472627621 965544363 1094140669
168233068 583741490 883550639
354194754 1183567839 2085900852
88633343 845855989 1087208786
7114448 898605500 1031226777
486304143 578629061 1563171087
156765994 1216807460 1278882225
153351748 260014998 1049189474
433048669 767904772 1625058966
418658578 921877316 1409484712
221038951 723324840 988749765
223244305 1011546149 1049294805
344433459 1010873242 1045847482
198922524 656461353 1290017774
61701077 1096336888 1790177343
261037996 896056685 1496612918
243550466 1269866307 1300620412
80117 19306582 868852261
138320593 1070630854 1650280917
104281410 1177071400 1735747102
224765368 1007388260 1612601977
335906445 1392518424 -1939537700
206749632 488744177 1184000432
186164066 1212365298 1363850673
34295051 1021346319 1560225276
43820789 990342433 1365079150
103710344 729198463 873493474
75207040 160751954 741595679
390936564 450039293 483492992
176218082 1084535690 1136993151
497506580 1476755098 1743421926
480620405 677230265 1573854758
19540016 898007951 1649612070
456503599 1507119832 -1889881211
383766738 1351212952 1975775015
412953852 919307389 1914807952
445082816 740230605 931906622
365159001 748996084 1388882236
235988278 567329782 595650683
236803380 631811290 1627893933
31873384 817246312 1108267460
306737155 1031643442 1091764016
490556470 673855832 685787043
173352482 1205802234 1417145570
456331057 686499769 1312977632
95531634 631592012 1491194167
318543822 955604620 1009522637
195460910 284440298 297504794
14567913 633060800 1066882148
391211792 563045220 568782579
157815932 340599173 514531602
224809380 227296675 1152878415
10964895 252528934 550475089
379030251 659908871 674057045
195725507 223932001 866521336
295530291 1105624833 1495591171
260619306 777676861 996851027
47610677 926984742 1565188630
448698538 969445989 1447793906
445988719 540013771 1403252167
393782690 993340668 1491872832
285180867 306239516 356769596
291556667 679924476 1253299418
77049424 117350065 452444601
257911779 435848197 508187805
278353296 933463724 955804314
379747591 1326544317 2006212734
259883443 396387147 1092082947
211972111 1008571296 1895595545
7896122 983013633 1577301584
242045599 481523299 842502417
362580438 567020564 1234884437
296801547 628601791 688566545
5924738 477124270 1338014536
175996186 910718675 1527100596
331333342 1213707894 1362315381
76664831 1100023289 2064929291
325345742 536673708 962429623
388064148 901071387 1706581239
233272915 716598462 1642782891
446606040 1444958095 1737723706
270295464 842317664 1296968354
99841707 258342255 798714706
100899488 141971748 693969747
152839879 576799595 1055870464
2835007 716911764 747172183
161738498 819451435 919874219
79422614 516414150 1359364945
384478402 1199909405 1454376551
41799651 918697337 1613755630
1276863 896511956 1341847763
56287976 254242986 1202023827
341074944 1061126110 1959306407
269162891 1318127277 -2049812526
284065551 400224280 1077616137
207956654 615955904 1364843672
298056575 960583054 1238678948
66169680 375258927 1326001713
425473184 1484342475 1954197110
192744676 819796447 1459851498
106125951 276965558 723470956
219238385 279823725 982946446
446303780 1320988650 1340241840
318791658 1168742084 2070003098
361755910 1204350856 2079205309
45926991 465474616 1083036208
384270290 1355912088 1581922871
284020228 1198793240 1870223819
322223709 740414172 1689604990
69213169 565451980 1497679537
286527974 636490533 994013691
407548378 990266729 1803083818
418422160 829061682 1818610753
116904063 537722314 1132778609
242435614 588044291 864017108
416735991 705619500 710169709
438370287 885360050 1604103878
133069129 952007231 1013365024
144499773 526110159 674866696
94524491 511010753 1239250651
381915025 1179761711 1730123642
177020607 988165787 1455910967
489317514 1321929807 1708992968
113898155 282697072 1207402949
44369614 253158946 579256565
151165176 1129540795 1385078399
259611727 378098543 560359603
100954446 433961574 1387019525
287011522 1132373929 2004201848
67838254 623536353 679054473
493683037 1552002629 1560118867
90325328 363363514 879396486
110160592 1134780304 1990950263
45828670 712179127 996893748
83339653 799810059 856429466
4240433 966234988 1074946492
44899098 473164100 1235516680
272045867 982427218 1503483435
185469214 431598632 882697326
155166548 250944865 315497511
51913227 670810592 686093430
192484249 985643561 1206692195
345830276 718230057 1374015258
66957955 829635433 1733677268
198111695 1056227621 1204314292
168690516 698566691 839953313
253038997 1020213185 1682418649
467165032 850311995 942030557
397390552 1435689853 1485759716
232237257 901159048 1669108978
220804404 316170702 573230416
434308371 1155692148 2029923299
192051801 1182824437 1658465229
214633866 231981324 647447346
398805448 1425811028 1534323728
158401656 473178779 820474265
204659404 669136968 1303200617
417399756 971211208 1412714118
244824764 1133027969 1435346968
446898928 905989922 1205601598
187639406 1037837015 1857571420
215877610 543298113 936451554
446520318 609469096 1232514128
89689782 143465820 691633943
96194240 155222442 499145334
218746338 1205578337 1473726340
72068226 1000813639 1432898575
133424746 915213194 1376011515
406379270 1363744882 1797106225
214052564 1161493369 1386770805
186537919 780969731 1072201623
31638415 107467472 183490503
382620618 453990281 737297207
375909000 1417121094 -1911839218
8462382 276268711 311697300
244510478 1106181952 1926490859
238042712 823471853 1047652568
405227752 505350891 997861491
483496912 1392938793 1688848032
10145459 508022991 961795295
170495296 411821640 602542998
78669696 952978416 1079252238
356752807 514379175 945936834
7875757 795379293 1294072232
290996953 600946412 610563229
452690435 967764043 1428495645
457711162 1019623523 1044854250
45206544 452527534 831988309
133598907 335245521 1324830788
17224134 1073836884 1206090022
24381460 258169548 899377014
399758933 1293020276 2117881220
73366595 337199256 1035678608
258173253 425706192 1056733051
404175428 678973302 1006511537
69691350 481513540 905395933
399425041 1354113672 -2045104467
284634267 1111614183 1157234106
499451612 1564341790 1837340752
105115221 118775966 488734870
190715531 731087508 793048698
364732684 562147631 1556970832
31308659 326122407 682846450
110865524 1005632998 1217604076
246894937 1226669395 1342108413
411095934 1053826721 1063026418
106286501 366843424 661705896
215134780 396481902 1115306672
232667112 754330630 1743593193
416685049 1433575072 1796402979
27345040 822725053 1281281131
193039768 463373675 1436372664
435002601 1366169495 1540005408
134936621 569621751 1514108338
55365463 445514458 587266719
482539225 1070091516 1499983209
44196818 399652759 847048750
431226858 996908504 1059684665
78277793 209868029 1004584343
18895154 773578791 1348160820
32082522 851149628 874235078
