499 335 224
313180391 409274258 1397956619
372364936 389540698 1299421234
440984705 453421140 1220118767
490997316 987075244 1338340492
41124445 155666739 512673661
39677863 188809084 812105140
480804647 987259213 1565631282
452446297 1458578875 1645855639
352284179 1136529662 1782593345
72512846 942280021 1357299259
383937141 1293579003 1692915468
457074948 796790924 1685179675
391820193 439519203 747611987
111460602 780871623 1026835500
467065604 646383712 1079579694
10234483 620652275 1418913473
15389827 378481081 429837245
190963819 1125177943 1762654739
344561683 612696041 805880985
262611674 351944431 806823841
120824985 1120471357 1188362258
114647847 536784442 737968944
464156419 829452903 1189755671
110312943 1012134306 2004640953
371767718 1038979863 1118425587
18264567 92227910 374087144
371351514 770331413 787710142
72594542 287695451 354875771
19148244 836416470 891418254
29561190 1008519165 1616548175
366312643 1280821910 1835313520
291877780 642745741 1538694204
450780461 1475840240 2000993050
362118471 1226342535 -2086235227
110367882 513002741 1127095646
327439270 568772310 1093225414
2378017 413747140 760197981
333761582 1252662709 1674418389
403729954 1218889892 -2106567808
71124074 512734459 1426184904
497081093 1306268570 1812182823
154969075 559422207 749048310
60569377 927000703 1370872094
367192491 590065129 917386594
160912016 1098911647 1105081301
273407541 799391880 856814286
250180417 993914568 1640742475
417604023 1123271858 1180983961
20811357 933321449 945302989
225489363 610268183 773052491
197752031 1243719977 1963123044
244049634 318149270 1029960424
441250158 1421457786 2130524936
175904114 220255004 570667528
368014205 614273717 879982741
435552258 634234616 912345005
347799974 1277691446 1291695748
258714364 1304946097 -2133631794
8194370 349760745 1157997141
214971379 1260292709 1312291767
474967372 646552557 1347878606
442650397 523568535 998550288
247361655 535931045 934401510
266567699 316888210 401626303
358273165 992710229 1005938814
141075654 650662198 973423982
186667018 1034972725 1744143062
201980100 958528603 1221256427
128977400 801800717 1373266874
287815597 1222264224 2053273652
472229388 909955915 1749479039
287459311 933221830 1589176397
127249665 507327131 1098891185
347021513 893774476 1377313496
170044980 412785922 793914762
194677886 237633792 661015907
260468865 318538864 750601762
157344728 1007798108 1601634431
385960540 724341726 732099945
422632927 1377275228 1544568213
237058610 667730913 892193235
210244058 751283479 767350135
335186178 1110345160 1256253401
447961222 583742807 1321960633
119685430 427494189 749792283
336509333 1055546992 1246399166
157265350 272587283 621914725
63064170 70404248 633386643
401279631 690066043 963370073
105233938 142421439 267112315
253900272 262680955 279568869
442186372 1360170217 1446599501
252705958 947529433 1558072953
278945820 461397508 1091767680
93328873 869748514 1757622523
26627669 545648449 987757572
367391943 539439936 558909815
276023750 493852137 1142423503
21954239 907942291 1009916566
7076703 260061371 906019643
403733153 738523020 988245972
230464484 415753406 1098771218
337001380 657015744 767775344
329356969 1031574428 1861975396
171907016 514093956 1507309089
312710031 323841915 788074016
87979630 407923973 413944464
224240702 1053879378 1834026335
270684980 1006831064 1407690108
336731299 492706498 998383486
196164374 776310819 812028359
71769772 109992048 323733235
43050434 476959776 1074536719
127876930 916365275 952190428
377347130 711713605 724029237
108956039 1010358452 1819225174
407548848 1241778135 1782926475
119724369 676396472 1646754965
324760989 437806591 1239853509
210455525 963965698 1273721770
229767459 1160924775 1524366259
64114167 388788207 1132662318
326172068 1276644940 2056944302
86068962 143630440 333703294
274678179 889599005 903398099
454026532 519054788 1364582112
420608986 1462774414 -2095156494
386949916 1093210650 1121387595
199142811 547937585 826585412
370637318 1087297566 2080318982
4959595 594067855 1120856798
466811190 1166563701 1236566518
420150492 863900609 1073519338
248347283 519913613 940185773
333049770 1203980419 1520241040
35285591 266612732 434577743
449344537 1453080788 1643521206
326834692 523195212 1432971023
21646989 790400260 1219323500
56219561 984507998 1448944022
382416490 777185624 1115492133
421848150 1135503930 1968323340
465695789 867307541 1654664101
227124957 622526575 1221785844
428236491 1255930660 1464114366
276764362 1326302433 1923816374
481441353 546934561 573451451
498399908 812080427 1473652734
166723740 819859704 1134835096
380664676 732732273 911307720
400108483 1316857083 1520886007
410962229 589597880 1255328567
493773089 706281337 738714577
31082350 385828034 925023017
53341727 1011656412 1415238640
15368652 314393954 1012489099
249346 844336952 1302039833
199067891 319945558 675008365
356225801 642959721 914077194
404346663 502631838 1163736021
37808330 302824361 733856038
139088966 188543573 1114778708
135271629 703153322 736844784
399898633 707945481 1396450394
234880105 670469164 1413165628
169990267 279011728 301097289
37232863 926051862 1230748706
428150201 892288359 976546892
388679348 1451028745 1871856047
127242731 1017921409 2005500133
273051987 996142467 1514567522
401483905 696418468 850051399
323374050 538032749 671331929
486056114 1522806598 1527250538
89989475 435944758 1292158020
435278130 1142372312 1331731415
419052047 1399992175 -2003590366
65715250 775494569 1241354311
267951855 1115150044 1695728041
424545949 497960253 1069029361
148497083 691129103 894894977
216267408 579483165 716615835
228773622 748249987 1641961528
308351001 1164168503 1257773684
169631817 489829682 1202463733
233589300 417544119 437758890
79501344 587882922 611716587
283271426 1076345174 1485250482
204315523 888351656 1061653131
429714507 634991418 639075689
490414134 885935665 1237903489
467451958 1333096268 1734200802
178136339 809783080 1168659293
111344198 128975374 684100088
154169509 1049936996 1185612043
30486680 1077563639 1974755497
367652617 650698831 1180503309
8356187 232445766 1015944228
210878209 993497589 1528767331
125259407 1146327388 1530558876
234592089 1060969893 1225016909
62344961 333943703 735847649
49501055 976877825 1435653554
360405126 856476838 918452660
284413788 1124060825 1335515226
492152438 667357795 875299797
353982072 773417223 998482662
205725035 396760619 930553053
5012301 804165249 1528170876
293237051 1058472373 1074723536
467892458 1341694708 1945310784
158923826 429664104 704868461
141075915 884911004 1115464583
407938964 719094331 1202252108
340363768 1012750875 1390199755
9632338 536131074 1350420646
491627868 1248808977 1327029341
493587722 899394382 1132841969
306724711 920262710 940104157
110977605 264397253 1069451316
493627366 1540636911 -1899641749
303367147 1013724657 1114602260
376488737 945976936 1176949658
133143562 480144550 546517938
304442166 853434925 1408467497
1575623 813720011 1337275188
61176244 96673596 200683119
250933924 305164225 1007518757
375085947 870736040 1806930842
92036851 698289965 1382212220
78327762 502712228 1433202326
149485466 1135132252 1471111550
489908937 557128999 1141074127
222570504 497414672 965123909
300384465 815952124 860707992
143918198 557840098 1203430171
345729944 574859867 1036591463
87305314 1024351764 1970587536
153075498 244563205 805788870
437528905 1186861290 1684965191
138745157 863700185 1331008521
15622307 617184642 778148750
54164220 1078259692 1492280512
9688356 468727087 517439670
43296398 1004402976 1959629802
52747568 506560076 823549468
153988232 596190785 1589837038
84831134 774935190 991741705
9805593 499331224 1134751051
391143089 394385929 1009164352
452812980 1128996097 1510215177
51607635 803594542 1488577873
216888300 377833869 889617655
309445012 727197947 1144104879
104553355 651034510 1421017235
290055521 1002993704 1720085379
211440883 939429944 1914829000
487297928 1500355338 -1856173242
245087417 453101491 978728027
137969899 510427876 1157566217
276943487 1323214775 1965996067
7638531 715778503 807819412
400909073 624028834 1499911931
339296920 1391363557 -2085344462
472954051 639825169 799919735
456362943 608064875 1497355342
11881481 243998198 630806105
352263443 893599704 1012379069
271953239 372732980 608772034
381762871 606630103 718313945
272206395 714319283 1561889321
140251019 666262163 1224434515
383507639 1047326967 1393092875
457538349 598645651 800323781
405264612 971339586 1912183401
322045490 1050491664 1753707272
69590980 431413275 684847338
358193957 870518223 1220113483
125676390 631949942 880673251
140957887 302710646 824776672
310965568 404992068 463400957
469400808 1112845669 1176017877
272356296 907763083 1615775662
47652846 176432145 634065224
259525203 271288832 1183711343
105381636 898718167 1085336183
301697330 902965026 1049639085
68709117 444635222 542315417
157124107 426131146 465216125
61392713 872750155 1168874095
57909620 1007733576 1458140176
305211439 518133474 1256000409
203617749 500539644 515355624
157527628 676825748 737866154
255480447 306358382 600121295
422664267 726456441 751815930
465328135 1362090464 1418529667
1602278 765723177 1599779391
280800488 565423471 918976050
196506908 1030785545 1189647322
217019736 778528419 1275508137
375209652 1221903404 1650468337
33100394 973880206 1577676619
360438257 709940390 1363290177
118185828 1176586845 1223419843
27925142 944836965 995440561
494192994 872723830 1301522298
256764700 889009292 1254940838
44988459 842782988 1675363015
68862769 813479493 1568469785
321890131 1327052089 1808170215
248070261 689005344 881903466
92603025 776838038 1630154930
87135344 322715109 484679922
56864865 1024182098 1940210187
357299157 1013052655 1081784922
117823453 1092708555 1159101717
180432381 799043077 1054292654
58155480 529817765 826489641
284029342 716769711 1206315057
288788796 1245446754 1947566471
401341898 1335965967 -2107929105
462245797 649049979 1188105933
255613488 726670652 1170581781
174773822 542631673 1275778860
480859533 1046989587 1859143423
403336666 719902856 1437106772
385539699 894362521 1877850645
432970069 850666006 1750701620
206732093 496378313 502713430
19611693 363508198 492649572
350630738 1062456309 1968822706
371785563 479450921 1076011101
177893785 956722324 1819570712
294337655 814375192 1774738031
460135483 971352739 1157191506
479811339 1220275336 2088967023
172544415 876416378 1812061844
478188598 1281456136 -2132931277
159051938 419720737 1341944781
257695877 620385907 1188666303
318578455 1190307118 1286965702
51207949 520008458 790935100
86855038 429559828 805899749
15325901 704690192 1399108782
435041287 881935878 1765864404
61027138 598420698 1056346979
496746953 1443369288 -2071729721
250984522 992377709 1807716392
192161854 477967110 1408989076
353402429 785801879 1257065029
66570242 436196018 925853068
438233929 1255772545 1712963109
147609036 647678933 673536517
310037005 986821837 1902018771
455276460 887043694 1732412858
247127929 942092076 1031377195
379967878 1218020548 1542780371
68819684 961089649 1955966410
455893710 1206582466 2019839426
231124078 879678259 1513214922
162115973 826117324 1620878548
398832536 1016336092 1524822062
451828083 581768986 1473027715
390154017 1383832390 1807473950
289467046 971248270 1888901262
451451170 1248191696 1611384274
412147754 1178025483 1346627526
347303020 499933690 851279439
226659849 1261656402 2030768814
51443489 622936698 1163870934
337094789 577804626 1077115841
32742033 941063121 961486613
351860116 429802760 1125901456
380124502 491486314 1374298658
153693596 446536659 1055499924
55436722 204726063 218696494
445634927 705867595 1297041342
150029608 1045351582 1442282993
297923977 449975452 986745551
7679064 768031844 863402983
56116359 780088153 1691745641
351382047 572741238 1031363393
83838699 293487584 599167466
326432751 889049511 1149441945
477544974 712885022 787826419
490209899 835787454 927806819
54606181 1045158652 1383028682
14152518 191390997 1176760103
367749880 1155574825 1196891750
13289820 52768168 565074800
45936670 695678582 1089036354
178278161 1002159286 1959932804
289972093 354703538 1110915833
330933225 1107089104 1782761425
174179393 829364219 1083333777
463046760 1105168504 1509042475
393919387 1073322906 1706045585
215537452 919008055 935428023
299745405 630899038 634872285
283819592 557935412 1424621734
62291347 821280364 1747640639
444905954 469951050 808864162
62422916 724959901 1707483838
232108559 760430245 1046280711
302564969 534313301 577398970
190894574 801156826 1698159067
129207182 309352669 1273579959
373445122 1087828341 1647915634
14643559 283742769 613924590
4786132 911466017 1097170168
276997845 384075369 1132453041
273432265 1143795762 1891863698
77278617 255004032 760380525
105441856 218685124 802593886
261290520 773955768 1455990410
137602287 503509586 1107987744
458002512 789293161 1357707254
354672767 1231976141 1572703675
446092314 804634468 806048133
384949093 782933044 1274616928
272764577 677661119 1618897655
387347203 1238816687 1504464521
31089954 394409781 460103126
129676542 844719135 1733860003
180696805 608158458 739931653
412754913 1440305731 1792143246
154877819 250948117 996605208
244465394 478213185 904397253
417226297 775689530 1360542053
482063956 1265469901 1557761885
22024436 57565211 762414807
168378206 642178227 670702768
88444413 423560776 595742085
131608121 174255864 840903894
69514847 75336322 574482182
33340608 34135665 884909016
488888407 1006316693 1465434755
476369299 1508658390 2012978082
83584532 513977776 1492550538
93104509 370272867 1135331261
369517999 899662906 1510209701
343032327 1390411235 -2017021768
339703661 1375778865 1588813486
118140252 491146839 1274429803
97485875 747345401 1304697568
205685599 1125326337 1760558044
118850633 346948538 1099625389
166621450 1104966660 1476669180
192557907 634481208 1173960018
439770377 637609850 812055579
280075147 784987943 1164264491
26797463 283028491 793364502
181716547 397386504 643236551
378479255 894437122 1608604496
249822106 835371133 1544261050
51225334 681648112 736376167
256475518 1260085541 2033374520
56735039 1099167924 1967850146
67971041 87095786 446397018
498876799 911200034 1827487533
43377727 959833324 1773652551
109709146 1152546577 1547555076
14771535 185222595 785012723
137912174 795199481 856434608
177138952 936639079 966054083
342531047 1308669445 1614376371
203510998 711628930 1646104026
298387042 939053234 1603537347
471044125 1127032648 1634712619
192414215 1173400034 1605875386
123705070 1056086990 1781513041
375088353 863040630 1239940939
332210952 895278566 1226577699
66940288 249903972 1131179122
280983569 760031859 1173520133
353619153 534177106 1429319857
347946261 733099331 1035293440
279268157 1047103405 1984755964
8396862 997973862 1186259346
97674495 404267325 459183982
469191125 1227219720 1859154755
23800266 1088717895 1879354309
96462457 811030725 1214940156
70024603 331598360 590692233
423197597 632857988 641004822
211159002 1263638821 1970174729
3812679 403837905 921171763
224525239 565847206 1036776976
107704582 615248049 1389641680
359714755 1388050339 -2033348017
50717748 431029755 1277122712
232864461 444013976 1133252000
272025453 1138563120 1961173623
420133119 1371236228 -2079529237
324500815 815008213 1516765810
71340344 264634757 916973027
163605875 507595081 623030585
271834027 724817393 1446813305
