499 352 406
18847460 731097665 1155991950
356402036 1423104290 1665288486
281975844 393299925 459909607
213791905 1022413322 1618707432
237309479 915333922 1763966528
174646779 1081236466 2041324896
157265782 527850579 540348755
318673256 731030978 1084390512
66767795 969369248 976312965
481816938 1185063010 2142140534
181375975 811975755 852571890
48650887 427970797 1005046444
310788881 1293246488 1941431600
22044406 553484395 611955280
321343723 1214035519 2132875722
346563978 828372487 943985795
328867069 745497325 805777553
277949410 347633611 508399602
51305959 925322807 1052579480
381670353 777469396 1217291319
230235626 376253072 1046926839
231942923 1076155147 1807193084
444972728 985394118 1858723159
377723921 779050591 915073252
201883261 1207737462 1652332331
220476510 237669499 1120763179
91703085 865044230 1779229631
387105746 456894973 727484168
470645008 635260701 1462458611
168722782 584066609 1098222037
105036938 1054618520 1894929858
166250736 472669768 697497845
326182702 908275976 1876127116
139527072 431246862 933254512
28276229 978678437 1661150480
365378332 523989797 630996832
498970395 699846600 925535031
57822544 459006905 1347905547
447751243 531430370 1478942613
25206874 225690816 302496982
304070987 903200498 1786603693
159185324 632704676 905930197
404394746 839536773 1407000567
35029634 718485131 1596594753
287696360 1032789795 1290586529
277693319 392286724 1096748178
480484646 1170526545 1522061592
45192642 939441988 1150379112
139329359 689252865 813555781
415605190 1332295387 -2061871319
463305175 1290009745 1419536794
324938009 1120145133 1168886123
180436626 439844923 609665225
151982563 264074221 602861335
11460487 513102613 838082133
33489371 684027859 1446550859
250296309 1303963524 1473287377
349456238 817040078 1072571132
497307046 1287500600 1728469731
34949425 822610312 1602992736
184085107 596691869 746381830
36488585 1022271188 1512957710
89096215 781856218 1683096596
453989016 872434922 1147478753
40956984 541178953 1228512647
13775978 639113247 1396093345
8973491 226506088 957375611
332962912 1222634012 1945708129
55737639 632877400 751900019
316180444 324233111 1296189607
367863491 744194768 1484037855
366304557 844505994 1779232846
61508435 346196125 823092321
497510076 536566763 1185902634
355425416 448750735 846846666
342048887 399155174 1206786927
226101127 1142047736 1814639847
213476221 874387346 1447397842
400570293 1165017252 1378841598
497023243 803824173 1723972461
226736065 604933455 1158126359
438659494 1254722510 1564215653
56544241 269644954 294292986
5981577 139527074 250738761
255157169 356152462 1152727037
6619473 697309605 847306561
3663960 742975620 944596603
400009702 991294162 1701805794
255517245 522905260 1315759651
37689772 909314535 948486116
71094009 193845242 1066555382
29103083 376630674 394900084
255505662 803193510 1758991374
174018938 737727276 1080739172
344644440 1358584350 -2057325794
248851890 1195964666 1999824913
462808513 1430683778 -1991245635
201903505 438648277 1074522360
104573675 162773914 281961572
446790189 846099312 1342420525
53159433 817556046 1629346352
128981596 239854344 608071535
365211294 1141871007 1653366384
202327969 1059769504 1568899606
199247498 793967904 931582944
280107864 1204586933 1979231667
49015633 860081129 1581648301
7736613 334657661 1033716343
405789614 992757526 1155140161
364183449 905042069 936160848
237025623 1015256503 1703531195
270397477 883513922 916716500
438107410 1109110868 1793073475
412118084 765038118 1196548838
406296568 779590358 1694297341
449583587 821317492 1063690002
368389127 1412872969 -1927075371
391042068 402077104 1068016312
358795501 1408885907 -2066252536
179864819 284000991 335667181
51222547 675901803 1462207840
336904663 1211703108 1255914529
22411752 267785420 713453880
454780093 1299196311 1811597697
159460464 1163455672 1873523273
31998705 1041352634 1747961370
148263180 918377442 1069276448
313915645 1147304950 2016981697
485877386 1361540404 1491894640
111133654 1164378800 1468662710
379822703 1386985405 1826201101
73729860 990454944 1153268994
321253251 578598190 1555082931
7440017 564006541 1485177252
424192413 700120784 1547641739
4267894 417778306 557882736
393051824 947160316 1699865195
48440898 944801157 1893851316
463055126 499155220 541736416
459589963 1094702031 1443720087
143370011 604041723 1359199725
227652506 1036924812 1093308235
34843085 965480716 1312140434
396802513 1419378948 -1924968994
9670658 597164178 1061221132
364099423 1013299810 1640580334
198202537 1234978497 1821140702
291188455 1077444067 1376726020
397368148 1102736429 1762568594
363682540 699592592 1476783548
34794758 728447940 1614193982
38649025 718779512 892072872
302910521 647935811 879428809
483264944 1142903654 1203186932
97528114 1119286575 1199761643
155437672 770744088 1172302790
481001353 1086004561 1721096951
229356460 654163195 1260422764
460741107 889744550 1668051545
449045561 1077919838 1145667123
336092753 1060916957 1883735773
464319479 634606126 1099461143
67808510 982647889 1580921526
117801060 1031003437 2026509089
431727188 592875382 1489038137
352107836 1007341992 1723405192
418673791 968478688 1690919532
58711404 964501681 1595352733
355670662 1153934256 1678775874
159502137 565048793 1500578922
112222614 160243856 784263844
161960620 822870624 913829908
292468880 995219497 1716014638
264964672 1175487991 1970100484
449545941 1333537056 1778759359
444514510 652254195 1188350409
435798609 1333083272 1711088047
433383863 575954435 1370005947
81211845 403523804 692108510
55677011 172318062 921978464
329762393 787050873 1249631089
167245722 337297349 1322288527
468841313 1009178004 1725191515
105233168 157424670 378138966
344159342 676473523 1497299358
175981813 1121417420 2018935197
227049112 931957668 1092896847
290129325 971645334 1185472391
194616585 1053173747 1396141146
69260653 739462000 1416903579
58561485 1053678315 1118354955
417252391 765466035 1443130024
128787416 608432384 1090479943
94877622 683726033 893198687
12051544 328006612 368608158
298357069 768748438 1278083017
67180604 1111295911 1428453635
379199004 632931031 1155508314
333053188 922540881 1643946069
484165700 819912877 920178651
336642250 688643260 1029813668
80979197 520849457 554930453
48051345 490134236 1460754230
116054789 736258220 1531378985
22243532 964319008 977762627
474022987 1299630935 1449259451
378544689 1216112757 1845590660
445053404 1044167310 1234385366
452882367 1212247222 1585596526
148089869 1176768649 1468921230
167354125 274330024 1082664510
378395369 1239059862 1689527910
42741973 105997166 483906229
360131036 1062698190 1242647919
118874816 1042432390 1132817313
119051681 904247889 1559258166
193016434 1146563132 1635165470
151121000 992069366 1116391514
9726168 242022311 776037792
54697547 508431249 522676225
459198129 1047329567 1103615409
318057971 1239424923 1258136810
181320282 969945904 1893978483
18434181 561342067 708539228
442537950 1083967771 1481736941
373112019 851298074 1091949263
314217789 596470728 1491346694
19417023 226508892 277471804
373096188 1163345984 1759647056
63007474 872585883 1446028633
114939372 1111841954 2004420485
493476029 956370422 1381596524
48683070 973190050 1525073619
317414223 693784334 701399543
285187271 561871736 685745624
286224152 478447157 1125980951
186189456 456688224 1433377644
389585020 1462158635 2024398255
51104416 504829578 513048096
319244475 1188535125 2038926660
55196429 998645918 1933166986
73255968 744705651 837247399
179288128 836304292 1083868734
357933416 1042113498 1985247829
24073352 921014411 1878366364
37592436 475752747 486509213
422140386 988276504 1387617870
135069746 747203983 1147546503
330609158 1295670878 -2072063349
34184648 1099586149 2019187823
302390708 306864060 816504355
182035971 1135313288 1540018804
175492416 403420242 643079483
205175038 1096195065 1214160788
253049947 1067121910 1874375892
15634453 169659425 925631124
318804260 419527343 668643343
58763020 750558085 1474706849
170442350 445125549 902978863
147883387 352870398 488134072
31974994 1073544641 1479597921
340907132 363118706 927751878
248762872 1012141908 1759511102
57665944 420040203 1218377102
315040417 781862623 1752279821
262720237 391856623 474211150
301520120 522309093 1405925578
99965860 766696059 1285231137
101045914 565388135 1056459496
9586578 568392436 1357209889
12184803 1017600225 1392010709
245993004 473610697 1243295829
479131898 1087691198 2023110978
163258800 356146753 985567557
155268895 783451986 1249861151
56026512 1067181242 1078255469
77184818 650992465 719194727
405512994 971451486 1191956314
410286727 1285615818 1634477730
319045509 1343055194 1408298378
274919401 1008877720 1079828003
487529430 1215116442 1845589018
277601515 1236481121 1244991253
441728915 958855420 1335295266
2293110 751099150 940456249
423282255 1251948301 1473323230
13313679 478715324 1107080812
134976663 941718332 967185294
483646568 916119355 1168292588
448425507 921032854 1135996187
34940330 326089219 1184201047
13967936 23037181 131968894
263074304 1018960043 1048529526
466031996 888890846 1617801952
108357863 599036903 932978623
37097107 757022572 1706145665
200979892 889178358 1762334612
273922969 422938453 591699034
111663077 518200738 662024780
21598825 670583292 1412091778
46566572 662057655 709651191
295010637 1171071794 1293627218
269792696 277271799 1114150369
146157038 713938026 1599443527
71512390 595889302 1456299732
130587773 308633204 1034864553
244213352 531003951 1171701790
144908066 726059704 995322097
263519124 731145024 1140556375
485339300 1149686500 1607669474
299300719 873224732 1128910558
373526105 1201178417 1701277309
7041755 97326186 783330855
210432080 757259793 1119358104
292157246 566966040 833916600
492829885 659363436 1190737225
414154004 851638227 1369112811
275515300 722536788 1613080581
459820215 1206911491 2045124989
286955209 655208258 669257864
478590316 1005977407 1091985092
375516119 1049700044 1075971195
325039537 1191545416 1657727934
410864078 1185660376 1820049613
175186118 676627582 963454159
302046897 1086779999 1848964584
251863929 495770586 733282375
402727536 1013516186 1083640199
103490613 716908900 790380197
392484627 742516672 1235571806
267182157 696366640 1400730781
126103847 481240378 520580222
339457925 692274128 1071552475
317534829 1249259875 1790408831
442662369 1323080782 1364186245
51223745 76708535 601437019
363696306 1287295655 1944364675
3394120 678546316 1495590420
131827421 567965630 1051079806
112637148 930873168 1505761564
386537325 727812823 1649761705
482987196 1331771968 1945507195
415831131 1484943247 -1836715454
464138607 904430230 1217839269
471281820 946097237 1652758487
438925560 1144484686 1827338030
92292971 1129476957 1408778568
31214144 417241432 1351721770
496126936 761014559 1060201360
28253631 1097685584 1174264137
184714641 1237834058 1514980420
197791853 661724342 1199956165
455921135 1342462268 1382843096
136564200 675988133 1315382015
347504196 1272288511 1609190310
242459877 1215845904 2052918759
487633250 797357241 1184562347
323245788 741114741 1638396447
53180782 678070189 1184281367
14918894 735555860 773904094
161612774 1039538859 1108642690
49139993 158528942 976679573
282788848 703659534 1236614398
230381727 768343990 1661240661
259473637 1175192881 1226064595
464433075 634405130 898487531
112444190 177841510 273659137
103243877 597626160 1222321360
54990844 483514736 1293406349
272974543 394882055 1194055619
467126333 735826044 979087997
57705344 519643654 841476146
360231293 854918550 864750239
493677865 1191309039 1306535007
328315658 338287523 1009273358
146012037 962187526 1465296956
148734189 792689881 1544278642
298512013 1147841487 1698291737
387454772 812819380 1168482825
363484380 412860737 453062404
222765700 887918197 1108183402
410989408 672021377 1234395884
185705695 426250258 895969796
56689986 91374101 673979779
457197234 857873074 1504781673
65084694 986973091 1280673513
93305633 1094178469 2082495564
302047046 988699685 1368071691
309043862 1058151645 1135059020
393293499 636190878 1466268610
70448007 695372001 1346885742
344694733 469405787 515773639
124819079 631389004 1083522413
64158573 478912930 849181764
62499983 1112993726 1394875568
409282192 749054445 1700410180
49611149 908842075 1704303646
307383006 1026894501 1222138324
397905197 1380659390 -2046388075
186155419 296300374 808614631
29270758 374860145 567506994
41189332 755148904 788097529
362041416 949816043 1657284444
189331662 1125589850 1640193908
209222020 900159485 1809221753
149519787 475870067 476484306
289759548 1240970455 1443117953
158482525 383630595 913846406
57413516 1022086772 1924589881
25289936 112155157 645353115
497586776 948053147 1290880058
111708498 826461607 887456025
252863959 714617171 1144112823
116294725 535203686 834274348
276131168 1200603610 1456819451
311064072 1016879841 1833079555
60896883 705570592 901021365
31381538 1095857990 1787694202
369240842 388173501 642212852
419739056 952971157 1487243639
358839073 1136046185 1848942064
265324048 908951645 1702254101
30016131 875952374 1597503630
252416718 834842607 1732226690
205793238 340554691 1060921760
15726030 659122714 719059624
268510697 571287486 637732594
53513402 566986849 1115120525
63333180 412409805 442687229
381109422 1331918260 2033519483
307085008 380836311 699327361
442107426 1208598953 1259783905
133425200 504161837 867734454
446753303 1335695405 1898797300
391747775 977650059 1029311067
458556804 1439381192 1986530077
273792323 429909134 1379759223
45799682 432830795 1203838738
16084146 484250028 1441590237
130420918 825554444 1218185665
178447163 371819688 1076249195
244794239 456058015 1118608881
132069528 571434643 1196134171
82554721 264870154 789879976
60942738 149801530 688840376
447338032 629375616 1625130570
158699732 1046919459 1134532203
76441215 420898202 718311557
29836532 539013895 977797117
147711435 894751502 1820438001
92604862 753711556 1553311194
36245731 631086051 1595151470
319388867 1281785309 -2045616425
450453146 843627311 1326589523
137606690 416665706 644364981
61559216 156872271 867099470
227913621 1162713236 1776015713
224013564 933190294 972661249
378612414 1372811662 1911741954
238023390 439301522 992803185
43604402 131309576 914618544
36064483 881023160 1420582176
458652357 1217444911 1458139139
328779706 927873192 1643572732
251197848 987926047 1184396371
370399574 1065484758 1741737973
315824225 1382173659 -1924270150
857956 946687188 1296954481
4854137 805639367 952644313
314593263 1309698041 1553071457
112745514 1154482592 1723218270
227454289 723495843 1348674607
29784250 874322166 1113406027
193090652 524309486 957418334
110912690 366605595 414776043
398090953 408261096 831805679
232086644 749481129 1447260077
170498784 1044163918 1647795846
294298364 893805164 1845383569
226461288 802409663 1571328329
368785396 864112870 1383296641
431763665 717951097 1342007692
217645566 995558205 1454101569
334262431 750797708 1545083438
262565181 524986299 575316035
275491097 1224579222 1356366016
193213732 793271999 1085267235
353676595 776464123 1064595308
330056579 650927166 1132157423
193694392 1256766359 1328779153
333807566 369418926 1110248994
279647418 435740670 662940717
417694895 658602379 909293686
454522174 1374563377 1450746883
434290383 987008585 1803973470
414481187 842343379 1064284280
303252448 369048266 544785996
24519251 742058213 1011709756
135540206 283453788 1050982328
