326 12 220
94971994 298718059 450027809
117252608 260378001 470873740
294522295 533695731 593287489
295048250 376076773 458937094
131328106 150495722 405685415
176130626 222400070 359374886
86940574 165014643 333433458
82756945 218223444 478285701
10648706 213899185 418475222
158244182 189028046 271500168
179559488 407820965 701794483
93076 272716968 364933324
294832440 435804287 637577446
135670651 345284007 472092260
162137473 163969402 345531743
25541830 94035572 266995140
25178273 287689526 482367734
69645781 97501752 184638075
84878218 254088843 402805245
121426763 214009521 461046948
109853400 178342629 281078677
26255339 215989967 277055515
44361033 337777433 452156866
185770415 266795972 324806767
40461692 214342335 327379004
5362218 114998692 209015195
93866734 239646220 249961996
90116383 333751927 458421876
95438897 285549859 450296530
251327585 263921108 402389728
224075374 280405493 449344231
73346029 205329148 251452365
298577180 404994451 650328871
245152324 398688616 609509340
20315393 44402444 57531787
100722702 157932782 194292704
190962281 305059518 369205882
136125420 322572877 451785994
80872870 243053620 408242141
99762845 357572432 455486177
157974471 219091576 388814835
49958228 249238875 330423283
94774684 345134835 392455914
13949271 278771852 334964813
927465 19768510 190527018
193876443 198212687 480797356
55028968 282199163 541165166
133369631 287394423 409977970
74963973 253526452 343864222
133132487 179723474 319526486
183593684 242143398 372133459
11775098 96472905 172667106
255363670 315913639 323967550
112254142 190636657 341568412
281474925 479862003 688184875
249502482 396053158 633939970
1431451 85453579 94303714
173283660 288601251 503682360
48823298 274319499 434917558
273845557 440616346 570950274
133699992 278271615 450460883
150961506 209103560 479996271
60926633 359931711 640909406
264326485 389879445 457855962
118679698 166329030 324640832
132987092 197334054 429082769
98807739 114870152 343390397
6412424 285457269 339953619
193476053 252809677 397301959
123384024 214546411 428337019
46570325 229985926 339729429
232714247 528419193 653148924
87561264 322175913 401851379
219048588 249557550 389424404
290374872 433739268 644400855
71306672 271645774 303454775
247027830 252311447 541553336
146460270 345702895 533854162
89097064 281621359 324150813
29341830 108178439 392251438
51225853 259111931 357265143
6477283 27703315 218757942
10554735 181876964 355917361
135940143 321459487 321784024
95263776 335285858 491603200
48429235 129544554 403122251
96802584 226747935 271803395
272890995 368150903 557011702
263962047 320836226 372763404
40905353 215649450 262148139
247773910 286439565 322589878
54794689 286454363 389345688
25281211 116166966 152399551
40352374 202964338 221461883
280916701 371923772 554134036
59628716 147370366 303698328
120039037 194156932 268090541
299113837 309248074 309584363
204766630 444960487 728729878
98362215 215672313 263351580
12949870 139419543 302335953
28664262 85459870 301981111
168121197 433620460 475611997
240191311 369376593 418955545
9101438 124354757 361022741
181288637 337619655 567931944
290929077 420615767 553708475
77019232 324222576 324887755
30921375 95164811 137784529
81563635 216980996 509846548
171908032 438324694 681479595
143164092 189604007 374808125
234683465 473961101 591606340
97706218 152455035 388879195
235230489 483747523 689838036
296093994 503973044 575963848
198335991 319052698 375519007
167920522 378096697 601357671
69134092 249356830 308510858
156734354 406073014 642067339
106091174 332223651 371428600
292509856 580698935 788044723
57440299 133485969 288032590
284970372 433651771 473489143
283766619 497723847 608407766
102441820 164330067 184639812
286411977 434554220 560311113
109885616 174262068 455302982
204367515 247495242 502757802
172649681 282430037 362990122
249715585 434371240 554431189
225864046 431792637 690096640
186609650 331853466 402430419
106033271 170099945 322558721
171402670 292925925 405297140
117694261 119123031 158864245
69010799 174150475 454104986
289339050 582319016 875007347
79053553 273873004 479570646
77664294 335611503 438020935
134504741 309798170 567842741
150571818 441502736 571893171
147980976 381045294 389677142
193945728 265149653 408142556
21685418 246429162 279396804
183121818 243832456 278291459
263846292 436889285 446431103
136230443 290373766 571081967
217635225 318385610 325164503
219300356 412770399 569925679
192823049 271028336 293045505
243783728 416643300 457814016
69002002 210090990 435955430
222812242 315690699 542953232
155238848 446975000 595932348
253233725 418074042 672304864
112176694 321430194 438893398
156993236 185605354 216459273
16567854 239573582 319875133
150133796 188272954 442171687
83908270 132779165 292544124
98209727 122264518 274126478
160971020 161673036 203393596
222580826 311869183 608616636
162146595 170588249 304849426
246281641 529314889 550342807
66695638 115678447 128886808
176319610 221304076 499396691
129465285 277798332 537019586
106424080 152516686 277529904
126899278 261849028 339423079
56837570 283696333 554756843
29274823 31619523 152499620
15400915 148625555 298643439
224947705 512228346 640963682
137585043 194289939 479538254
292918495 346064018 389770679
23266485 291623868 298574192
165904031 356760170 640184944
58456051 321923608 401061008
248169160 415812470 532040298
61901280 105174107 227208676
20270285 188974995 304680356
134771980 401652865 631104407
157023170 171269860 280145431
89804125 152696804 278120576
81633109 184320673 373859137
259042220 328332375 345673873
276644622 538290296 601184386
8075422 154325944 322355467
247427018 252572514 377893678
57264325 190863118 361918839
134017141 208829177 338139999
278587383 450525469 628776789
23798279 100371025 264014471
237902829 513022336 570910866
129401280 227686481 485199049
103410974 324051265 461464763
101135527 162137741 230952205
285374941 314630896 472703730
163138879 336271511 402542541
158880689 269590076 284462757
69664396 305267167 318814128
156149236 288811785 335143672
149742917 322131206 354282973
127337902 267641355 405699590
199810906 239384504 464315660
166965939 310372317 339358669
18440360 42413571 202589532
168184571 285748631 324485091
247629050 353719857 390987752
6830144 245015527 475616489
69381955 315250459 445890839
218103006 479334318 501956038
145862170 152794634 216862648
46224870 62958347 178260366
137530486 227395332 296941771
88331651 223691013 381451590
40297642 277006509 360143133
17449617 174034066 242618698
27543459 220435610 458008474
201677179 367961916 380581258
18177631 212883498 394899552
292539221 326009137 344013433
193228208 282146016 550996118
32237881 72630235 85673154
65546546 76650553 219258618
57943782 192077568 417989056
9905034 191272453 345940030
168211861 388931918 416263082
111294176 140079933 237722384
155923998 163974530 326598034
253432990 550805341 601628154
88838732 228723952 241590797
79368809 198527036 461241071
11678588 155099811 164858541
267340383 395548516 425189793
148331644 228005883 519227452
280169619 438602473 673047701
64277666 125584311 353792927
31454150 309992896 591954677
252193066 310962328 436247194
25974118 64451739 208295207
83393748 148329590 162216251
249957579 272772669 384245538
73430718 333019350 538578963
122032303 280826963 503734394
5035134 128379652 152196133
188627183 295299024 326535234
128804483 186970795 404029344
45437824 330061244 377518224
254269869 470081261 749180237
131039155 366354069 492951771
194481962 240274423 317731781
231153324 238548003 315796496
6624147 216429346 407393643
163221024 364197586 384384864
240663622 462738048 635336724
71448398 90143877 357457878
53319429 53507837 149137542
167010879 206953971 236289196
268427727 311194355 316996263
170499649 435924607 559961186
83434238 260398659 419357554
199312544 348696716 500827017
170151585 398844905 552909993
138727079 383642972 447219558
65068571 302960669 430175053
263996630 334500956 422682416
229734652 359076577 454796494
10542948 138683915 296300091
196080415 320658719 368204546
249566711 339640902 459084223
225303556 483344192 634843606
59713698 104413735 143450221
232238959 530807875 596866758
269307423 418587224 523107013
24104256 264128597 366088973
243134285 422768111 438972204
227794069 252420845 469299103
251430891 512906949 761901755
106101534 300800858 560180688
127051926 327451980 469314520
84523967 278630373 340639191
90053888 253242603 273840264
106187627 163668072 359510781
99251314 368898512 574957439
134555711 306133089 381561229
56205956 261353550 523465980
143578077 395139211 652921738
142529306 440647090 508962390
136467210 327978745 379271717
48606625 215338907 363674453
121172875 199268783 445392114
241614730 410095315 550417985
126584123 242712753 272700626
36695303 183664551 256093372
44785265 74973867 90332348
246082821 307596478 525410642
126107536 410245365 616770325
37532265 253302127 498856137
159688430 216436285 217314300
198529934 341975713 573547330
44628970 155266710 196135221
5981181 205905432 251854077
148091208 366489870 479370198
165767790 236416342 405679097
81697743 107421390 373457866
222439167 282574574 501328452
55517733 270266540 454958838
187859890 475699549 575328779
15201770 310483779 556290872
30270252 244468836 464260983
104374290 397154957 400857619
125537964 300400096 410651193
281476743 509452540 650552875
118237257 200880155 379325663
40961278 104485904 211287923
224805232 422042031 596093421
126966809 170256750 364065056
200120732 332565461 595220907
148741822 175218300 186465637
142960214 306861890 393657022
156711862 298705012 586321373
191852655 235907966 524894584
280383369 366487040 656127175
