399 382 124
4908241 247149783 1006465094
158624645 389514421 436251064
225277706 718465366 1527458446
282602127 761070875 1756016497
220823557 1096348608 1250164324
291872473 879600213 1705562327
65067273 1052702265 1405870843
162812221 1106785582 1209615492
95230403 294637552 1088203403
88605038 287825434 469776911
264622279 1226728965 1517403766
313924124 1296150357 1942342147
250244169 349562584 392884754
111032142 731240827 1087691417
54006551 445850597 702301249
34840059 561690011 634761247
429769945 574813463 1040252608
295554281 1099305173 1943021880
46433933 613140137 786403398
263314122 1088219504 1493250766
431801660 887330674 1055843144
418449300 686112624 733098431
321579009 1170324681 1233437340
451025440 1410960816 1976718168
358969916 1298426069 1305672389
27684614 812518523 1640169865
48525842 444795752 974459401
183518647 597968543 716136402
392961063 526617173 800292419
29596634 184290571 803600639
280432030 839165516 1529448314
471106028 627683303 1079107737
387709265 468708654 707728949
36761362 641187618 1107633687
477244749 903774952 904365197
121026113 223277209 419763159
116931472 185247686 298700544
428084625 1109448868 1885110991
68448006 636617043 1386819592
313047773 783057971 1759718916
357086912 1056107433 1543759982
112305054 813723233 1772755895
244386166 1240379727 1732234847
18748680 604447380 1548405089
50773823 97764237 1027291453
299470438 578064655 1400650852
8713102 885580100 1059877938
476853938 982465290 1780578430
68165232 213382988 612892301
171128 820842829 1298944765
16901123 1078072643 1139192012
471023852 560693831 1373404085
81496890 268043246 752373621
376587336 482298274 1408428466
175842767 1016685318 1632480678
204796011 1097546340 1777516717
168393607 228228252 940116335
289137327 704446589 719683135
472225452 1218938859 2055477217
273943818 411733477 438633688
86255560 348007855 1327992551
120804455 278902067 719655021
413991070 1062660605 1546192080
31415366 423394741 1099012853
217901165 550087072 910688176
461069202 584730886 778421906
53543528 727726060 1557333356
254131650 840730919 1826323087
187778416 296228887 1167147918
477290546 1220875033 1680233740
402848531 1053269009 1766743261
407659971 1000768501 1530793340
2407881 579095774 682880174
293438128 317249150 578159051
19789933 237273708 1017436663
450263219 478141762 553287263
435332601 461112811 1096569129
351306584 1088953642 2083903685
191778694 878319783 1754626747
13369504 962252952 1044873510
9451650 545221467 1322514053
262265305 298996476 1274013311
422007603 474774546 738938323
310552508 797076460 1754202254
429122667 534470003 565219636
10920391 144524731 453863306
102532748 593097636 1247014933
102473692 353850005 1097439385
52262847 534687391 1010646036
370570266 699277845 706839810
490066288 903756802 1147546634
374371835 681344089 693293853
222415372 856190323 1130461677
63528623 508731042 1193332497
205378302 296976753 538924892
405674167 661763939 1189573434
377577190 926725805 1251776245
404027844 1044403424 1906505066
124853019 545181923 794015593
27253457 1025488451 1357252311
3389284 351290930 1240367951
63276414 877474357 1113204687
222010609 439276017 1191788217
90642607 806244598 1706197805
289346463 346130445 933919111
54449509 743622386 1135895692
432572524 1061943259 1988841854
198637019 318959069 368179517
145103672 203726965 646210073
487612132 1048397899 1877936633
133201598 681844108 1003717915
459407748 1315594693 2050345304
256616913 321431493 389656807
27792844 600010849 615451645
53556186 268902033 419949719
43129338 320085727 543987094
313213073 1219337091 1758282694
287420112 947049530 1918200710
376252410 499193894 1454710061
277786931 1131861189 1146401630
463498147 1016058715 1456045811
315323144 410409668 788236561
212263707 806992938 1745671359
195866443 1124122237 2106605797
237194421 704654113 1484813973
494767984 1416347606 1917868840
100355454 1057771815 1398693214
103769086 194514799 1131532200
64361339 886385364 1830375493
6295144 254562608 601888990
472546855 932362317 975308485
470064430 1410864494 1447416304
318258219 993821846 1235109506
346617396 742875255 743054165
421628767 1357612404 -2097233445
190327650 966973622 1432305751
307877633 1282223031 1483377468
207089788 595643964 1569249850
214105908 690375454 857047092
390893890 454915815 1424836156
458124731 1163663785 1185015883
40087755 1035854835 1854992707
47154422 701116275 929721488
314557214 1152425488 1883100241
497019676 661628169 866451956
427211793 1216421629 2107207352
461331386 925980228 1627228250
319420006 726181792 1409016590
109189483 707854237 1132449899
413879843 795290015 1649543655
308656344 908544778 1596610859
180060465 941020020 1081173308
186710771 412819026 620401484
424848440 1319948553 -2033900883
138502255 1015165158 1291938885
207735225 605070030 1137076844
103397762 694569018 983792672
293408620 1249452882 1902259957
434186206 918383775 1537401879
393470171 1168109145 1316064382
160314092 864506517 1209177567
240580159 1039697015 1322725168
193594955 1244130473 1630188480
1706650 556497447 847276826
54959240 498336711 1109910377
451066900 1054349664 2018314465
81768478 797412377 1209533828
72032666 250639539 540058169
316154543 648643163 1611995659
247480501 818598621 833327381
279838084 967102642 1385466968
43526823 714126816 1413386396
41771586 957591047 1611027967
82288588 688429218 1608173283
463537134 1120070620 1823516764
467613486 1434901753 -2128999085
86098467 743041192 1620823788
480187241 1140698959 1496406255
84488594 337792426 547499357
400686529 611890353 1257698105
81811385 1032649282 1525233506
356172928 1037180011 1622817004
27028199 126110161 755682128
369248149 1085733921 1611604339
395948399 1465707267 -1836309919
316227690 467681125 517122582
452804651 762274996 1207676633
194783749 1062734798 1853614069
330586676 553297471 904675792
22773090 476973459 766065333
5148639 746954075 1124740808
284664079 786852770 950236413
363124986 648915314 1061306629
321151495 707840308 1400113822
69436487 909288055 1824617625
151820243 669443822 1417859220
394211896 1008158017 2007744834
463458271 1401751408 1424175794
171833324 321617505 836611060
342864153 1350955119 -2045429741
330410346 1370402426 1432565301
134921424 136578387 493764955
361075484 941886489 1858407212
357334219 424641352 986875550
100438414 276082192 1211822455
19755431 659353047 1209819670
96686183 843801417 1086513856
270517621 1051536386 1911117216
137470119 964158497 1910034703
169628051 865312984 1640770532
325328674 969962049 1699539677
11336394 647347856 682515028
180176444 1226415602 1237455085
469609128 725686046 981222103
490342374 1046424058 1067641051
368383775 1296701261 2115722819
228469720 1120429551 1372710512
217204319 335648344 927307149
154822671 782356756 1729873851
52512240 788344061 993433790
391566217 581976492 1487690208
135456530 1067803163 1239440811
369731903 411755224 941356719
471510104 623498441 925256292
481014371 674855912 1023065076
73169026 935833576 997075304
196975835 282698296 1013765010
339547291 1309342020 1835850655
479815677 1019091846 1960958030
7544916 374901542 835395847
198114187 566878411 1151468395
368106911 888055147 1022943016
256281841 356319635 947248890
291825038 421126177 431992144
299557052 311710162 670507757
274903404 414410397 761527166
448951902 1104579652 1106698994
73461532 806858258 1547803934
123854112 703628344 730784763
185905329 538293160 1241442675
227864167 723468021 1675718044
89072207 956541207 1787524309
196814378 214337931 770140189
265115201 1281530813 1665485472
242884275 748137516 1680499786
72676442 561291063 1052298471
252173461 400704517 894259724
89937552 1157103992 1360927724
284547820 470044565 743632314
244859861 611120480 678315086
281062620 1161895559 1911083309
492115512 499350745 1478090503
148381251 934128389 1215015572
120941373 269413739 794200087
326246848 781026968 1157103372
111247480 177220942 595543028
285446377 803994489 1767642607
284774256 605550611 944808145
357684935 1014453866 1558723815
20851634 462023082 814858365
271264662 379460629 891265996
170258483 711203074 884910624
129981882 1022296535 1616045095
402351082 1203168804 1875389877
462485764 883857191 1694866841
103716525 896202949 1639838256
400331045 847528031 974750687
423454796 511548770 890419329
217898866 986107682 1730651824
427656684 1489242324 -1895434437
38151897 383420201 1083965003
65750437 357525101 742985488
397090083 419359396 1322587093
368813917 980530061 1794225924
27504747 536445192 1204270172
460205030 610997689 1151838556
71516126 630442865 1007672763
94328150 170703414 479116378
124143284 936198515 1297742885
204459686 471415072 1020247212
348859502 1402709366 2063221630
53195918 1055044096 1272503198
478692688 1134892939 1562068843
408929951 707978469 1192087570
221320481 911054024 1474493482
5662881 698379263 734568501
209858850 501718043 1331139873
398101038 447195059 1352468462
84641355 897833380 1283825204
207319695 820156212 980205589
222177228 885479569 1414368222
114777046 260834460 679020392
59874755 880037743 1199723005
148930364 574120581 1094732095
47534649 750878982 802811243
163365052 342721820 695269882
354691683 435575733 1030163539
66782959 285999039 851281981
5234710 672810813 739747133
466735658 1191491092 1637259236
148462474 684883242 834304239
303379669 491060892 505493164
90704978 862045853 1084417523
225172238 897679569 1464800950
74426523 376611500 644857079
28682110 1003688121 1481972398
404071588 901874487 1336302553
210384250 805884932 1770944970
4606077 832283200 1130359165
426761309 828016797 1162924404
454629891 1178894787 1508342372
198129443 544009159 582272966
448067099 1216646417 1696455422
480453961 1001976501 1617595321
284251949 361641379 382997947
87957732 631811231 1557143326
46203363 239951989 322012643
205394432 528560731 1384941641
466427939 1015777248 1133319980
415568187 858689910 1402836880
150063434 244329707 744868101
276430497 1182684108 1729302391
424473769 1324773673 1646987954
151029193 912799902 1289427622
231332676 647854611 1086754081
456783152 1053573422 1302796194
493917897 889243608 1747480694
53288148 795427026 1571440184
375423694 1289035965 1639541352
66483988 461926289 631894457
492927055 1558250734 1823249740
384384454 561061173 1433866727
18647654 538865116 573843185
458654874 891804140 1364349876
421976908 1397083155 1707327026
237337262 1268462163 1566639012
373424783 993613967 1120950340
51487345 370805276 487063830
155041173 1202409112 2037300948
387543996 462751005 968066600
417575505 812577306 849282259
277834797 438910697 1099538545
407836995 1154913142 1793328394
20304326 458100973 777549432
366683572 726139879 1134968696
33217479 139220738 142271971
197392179 1076109646 1184503385
498375368 709494664 1457826666
22060362 148250254 1071607296
246472985 802528253 1549184402
431152261 1043993448 1270548590
357808222 1410913048 -2083139813
363674788 426178506 934491807
169717349 1075008090 2060217141
208929823 760777397 859104679
48750154 330139694 748992628
76987098 473782914 879802744
291246541 313058941 1104955017
327938857 352848333 875039880
216146930 1033935559 1892390831
430220294 1426634688 1451289879
451555802 1074367672 1863138015
57794448 479933170 1194000713
266603233 595791942 970239949
69735879 812401338 1421248503
188262904 549704001 863975054
61900422 672400908 743441735
343655747 710934899 950104091
370814400 1168887501 1192467453
30734838 795675445 1351626106
293376254 829930668 994220174
31655276 104183172 798832310
148925720 1177793149 1428376314
187098248 924831388 1763654292
258466355 390242316 1383018328
230938192 444454417 1242283011
131436794 450703223 1038836781
402277062 801301348 1754289751
402070560 1438524682 -2128312956
351344906 732125215 741983031
232194581 1010827665 1353006271
192221101 415532134 1346987344
476117255 880864562 1338806567
308384087 381748247 838826446
349488667 1157627846 1304791621
249129115 1100292958 1525472143
283308268 696198065 1264262391
337580057 793619405 992580884
56266564 706112315 1000486721
165477589 516238324 1412853559
92742937 278311011 294977248
54047959 399476603 451880607
387929290 404805438 1283233442
254941699 994833334 1963132915
152270490 356132296 931076469
314157626 697540036 1047071698
432150124 1122126914 1590125119
176420784 323057948 355484541
150939072 1093060616 1094204532
