250 442 60
39219879 204776214 241045077
55847753 165794256 190786295
412337993 423722762 507241659
38751037 201855211 240045212
99123611 387167102 418492061
119951699 390643621 480246816
26052897 227459958 278790249
370024222 661407915 691091205
363312690 489771594 556107865
172065655 176696654 235865527
495786411 647859554 664130718
27187013 307235704 400520464
267305425 521584742 580838456
340117131 477983523 504677527
405246597 480111613 526732966
14952371 41647184 74991752
249608110 542395396 566924098
164152090 205304962 285100694
496816611 683145537 704328042
23624411 159785907 203304560
238164056 480815778 578966624
434846175 559936207 605032964
298586122 478752237 489548270
18919460 95291819 167160966
229225774 506082562 586695889
239766605 381606522 481537071
401780950 468088713 488380627
187054186 193181129 260572869
115989476 182940976 265753269
160097801 213828343 225101023
225242164 279142500 327625428
293469052 361726761 453831653
19849220 190562434 280796807
85445228 284059077 373821658
192328102 461381526 528614985
27323293 49119082 111398105
50889321 98988433 118411419
236586499 341880680 360414048
485128131 760007678 788646822
71014662 217364920 220305488
391585987 534935361 595806884
322329617 592470896 603849136
416099254 626137413 665197051
197187424 313646787 376027700
252001560 374260671 473095728
52031498 155379057 182185601
24498109 128237531 157520759
401531980 433265094 510885679
311635008 507938175 578056234
208285207 450946313 519079817
421428394 630221815 684937950
63203805 96692098 180246561
353321830 360284218 443904854
264271255 527456223 603337722
375712612 455770265 532408600
461066522 485561153 516195242
399786379 413176823 486972120
19855771 189212833 202079490
1583716 282546311 344444320
366427519 568161237 573232550
58305284 229812736 261031598
3414375 50775298 54364231
170287418 226981204 285883160
401237114 655727510 675495082
130736122 252039146 307659058
344250613 464373953 530878063
334729992 386341974 468190132
235689713 274823017 320431757
226690023 477190799 505826969
180019571 421930149 459980445
136110083 275599531 293439433
157383097 419553462 473969372
215844125 297571092 332987767
150270146 308559995 365763565
423071736 496449599 592368201
110941214 265508462 310647137
388037441 418815973 503249465
277213943 288768535 320589558
479361730 716100797 757234749
167006304 168929036 187789476
321641674 478844340 518855593
22711260 291840858 330767953
385069783 625174945 663355216
51498034 133925521 143487849
238522757 534563967 555244653
216389231 266214441 278099982
160311482 275164968 276853829
161758267 327044743 328719149
214302226 364766856 381144200
380743775 448946287 479661624
247461256 325771611 412723068
233061270 355248127 431720109
228151654 346730333 433063385
1770900 62332964 97457242
349176686 418593288 442184048
254394708 296042388 394112864
494046793 743221199 814394263
269864870 389105222 393206009
179632175 340747210 392892733
329704439 412508776 467130617
198359 120787450 122456794
102536546 210443738 222068245
496851873 561344254 582823955
83377399 246317091 311586534
313651457 573911876 663127572
448919115 496933870 550377389
343481390 548157388 567899075
216057151 390998777 480721364
35774731 227674711 273117588
228380948 378829207 397017144
200572245 398958885 491692346
252410543 495524514 594114089
96528910 124921640 171353859
34733097 147307764 183037485
275113000 299551679 390676479
70386842 237013600 293540488
462042997 718199024 738744038
138089253 219073577 256645755
143646670 287059484 370190521
417395271 708715261 795858256
345006722 499038519 501278243
162746204 174631271 205932051
308343809 418914946 515507877
3040625 40798155 112872989
328075720 590587076 636677747
357552976 581065951 679224153
34928527 198803713 199000095
209871561 213960611 224717893
416383921 570869168 662205174
484259902 640619220 681492407
382752219 393031282 406699555
159625329 369459944 383464797
486875896 759951442 783131548
119404689 213364104 258108938
253286491 256637556 288081345
192550785 402323075 455806130
404590637 565387344 623688891
326970218 487144265 585961009
40993049 239265645 245604266
70674820 360746725 368254928
166171446 320711830 395245441
81361696 147398254 246741637
155817269 232396944 242569388
282954234 333515017 428866814
284921035 437006679 470433399
60958908 236469589 322935132
89428319 232382418 249754669
164698837 428705136 472410559
55336951 351991567 362015491
413147771 702572643 729348230
427611231 467835124 496645298
192457982 324610852 397977939
353635227 475403137 537618663
243033167 480256006 483168464
316372623 509450366 564690011
355465167 589942199 687866676
23770092 96854202 115845314
441193308 444309427 471396228
242415966 338728384 369530726
13837209 271832898 302808218
19815411 167772430 196337807
425134973 680089578 779471336
284145869 306497232 345114280
38822942 200410984 238193400
60428042 72372246 82020128
309102270 584117549 663708345
275717875 422264463 498801942
439183894 587140434 613517181
318676835 373066681 467566764
430102753 530066701 554061497
489933434 580459428 642738752
474886572 629286833 723528851
139654787 396544033 445094463
122548956 168829215 267919647
275897122 376770688 433297876
125832447 282204096 380360290
203751617 284972739 345707844
233757015 257354496 318464287
436547899 650246745 707977495
490022820 700752961 780642895
86746314 298067545 350817023
314810417 385865302 423566188
3501869 267647793 356172145
209637921 337347708 373556342
338744862 505755624 569715220
109305594 205968591 255699635
293059827 323560911 387625952
432579953 515262020 559632948
17749138 95970236 151456770
233884791 237242656 277723163
318301081 556803009 656215167
375737732 427141106 469707679
110911181 335495015 399023776
140621859 389751560 481505996
39563459 123452001 164728329
391198654 686420073 763188235
57607374 357063111 402727847
360769451 376195916 419007077
397628200 450268110 546496080
166797174 457952786 533790856
496783714 519703294 527322151
440686704 528929210 530367365
406516496 482292718 492055491
413155703 419829982 433678686
427117233 522529913 608984592
27804679 43832104 101053764
454724828 561276020 619197169
480127616 509669960 595249303
354226864 512238315 610899627
443542969 455441522 495413429
240600189 284593110 379390465
17511110 97196882 155276406
87758254 323520080 399084830
300497157 559166848 603283565
46855161 262780499 332866615
80931950 341029507 403220984
362038218 654572780 692812268
212442651 213109823 246995960
18063083 103786227 117432434
61033750 276790257 294314587
401996408 449795658 513806451
253576546 370975397 464936286
424973314 471659912 519769264
115484491 215977778 308430739
385579265 480666430 489414764
289612529 499487919 566297764
489093503 712198567 779852680
456446738 634738026 706081238
130762754 270356964 296907118
279109911 521800035 598483789
341870522 601400754 646946736
255863905 340521794 349610514
195184619 327657376 424526443
4303061 208250831 296261844
191261596 255319502 336838261
406767269 508037867 596239728
315276928 449868062 541250099
157230688 215436808 265558835
196875299 220174317 245055813
139325757 367798049 466911964
274407513 509803856 543007724
43812259 97402414 111622240
462666467 488259270 583864871
402719739 536080675 623114100
52874339 342860403 432544158
217162681 465340004 495859147
475291522 655938265 726682689
455256999 524596156 525318938
95814239 154974988 207717806
392792693 594475225 680193505
